# transform file /home/freesurfer/subjects/sub-049/mri/transforms/cc_up.lta
# created by root on Wed Jun  4 17:14:50 2025

type      = 0 # LINEAR_VOX_TO_VOX
nxforms   = 1
mean      = 129.0000 130.0000 107.0000
sigma     = 10000.0000
1 4 4
9.973475933074951e-01 5.031494423747063e-02 -5.259451642632484e-02 2.845216393470764e-01 
-5.024512857198715e-02 9.987334609031677e-01 2.649646252393723e-03 2.033994483947754e+01 
5.266121774911880e-02 0.000000000000000e+00 9.986124038696289e-01 3.238286209106445e+01 
0.000000000000000e+00 0.000000000000000e+00 0.000000000000000e+00 1.000000000000000e+00 
src volume info
valid = 1  # volume info valid
filename = /home/freesurfer/subjects/sub-049/mri/norm.mgz
volume = 256 256 256
voxelsize = 1.000000000000000e+00 1.000000000000000e+00 1.000000000000000e+00
xras   = -9.999999403953552e-01 -2.561137080192566e-09 -3.725290298461914e-09
yras   = 0.000000000000000e+00 0.000000000000000e+00 -9.999998807907104e-01
zras   = -1.746229827404022e-09 9.999999403953552e-01 3.725290298461914e-09
cras   = -1.965187072753906e+00 5.171784210205078e+01 3.038461685180664e+01
dst volume info
valid = 1  # volume info valid
filename = /home/freesurfer/subjects/sub-049/mri/norm.mgz
volume = 256 256 256
voxelsize = 1.000000000000000e+00 1.000000000000000e+00 1.000000000000000e+00
xras   = -9.999999403953552e-01 -2.561137080192566e-09 -3.725290298461914e-09
yras   = 0.000000000000000e+00 0.000000000000000e+00 -9.999998807907104e-01
zras   = -1.746229827404022e-09 9.999999403953552e-01 3.725290298461914e-09
cras   = -1.965187072753906e+00 5.171784210205078e+01 3.038461685180664e+01
