# transform file transforms/talairach.lta
# created by root on Wed Jun  4 14:28:02 2025

type      = 0 # LINEAR_VOX_TO_VOX
nxforms   = 1
mean      = 130.0000 132.0000 107.0000
sigma     = 10000.0000
1 4 4
1.114996194839478e+00 1.400264352560043e-02 -5.852021649479866e-02 -1.345136737823486e+01 
-8.847706019878387e-03 1.029588818550110e+00 8.644986897706985e-02 -2.438088798522949e+01 
5.788825452327728e-02 -8.154008537530899e-02 9.697859883308411e-01 9.139246940612793e+00 
0.000000000000000e+00 0.000000000000000e+00 0.000000000000000e+00 1.000000000000000e+00 
src volume info
valid = 1  # volume info valid
filename = nu.mgz
volume = 256 256 256
voxelsize = 1.000000000000000e+00 1.000000000000000e+00 1.000000000000000e+00
xras   = -9.999999403953552e-01 -2.561137080192566e-09 -3.725290298461914e-09
yras   = 0.000000000000000e+00 0.000000000000000e+00 -9.999998807907104e-01
zras   = -1.746229827404022e-09 9.999999403953552e-01 3.725290298461914e-09
cras   = -1.965187072753906e+00 5.171784210205078e+01 3.038461685180664e+01
dst volume info
valid = 1  # volume info valid
filename = /usr/local/freesurfer/average/RB_all_2020-01-02.gca
volume = 256 256 256
voxelsize = 1.000000000000000e+00 1.000000000000000e+00 1.000000000000000e+00
xras   = -1.000000000000000e+00 0.000000000000000e+00 0.000000000000000e+00
yras   = 0.000000000000000e+00 0.000000000000000e+00 -1.000000000000000e+00
zras   = 0.000000000000000e+00 1.000000000000000e+00 0.000000000000000e+00
cras   = 0.000000000000000e+00 0.000000000000000e+00 0.000000000000000e+00
