type      = 0 # LINEAR_VOX_TO_VOX
nxforms   = 1
mean      = 0.0000 0.0000 0.0000
sigma     = 1.0000
1 4 4
1.118744850158691e+00 3.572999686002731e-02 -3.068299591541290e-02 -1.777119445800781e+01 
-4.235299304127693e-02 1.073683857917786e+00 4.802299290895462e-02 -1.877355957031250e+01 
5.451699346303940e-02 -5.811599269509315e-02 1.033942937850952e+00 -2.694976806640625e+00 
0.000000000000000e+00 0.000000000000000e+00 0.000000000000000e+00 1.000000000000000e+00 
src volume info
valid = 1  # volume info valid
filename = /home/freesurfer/subjects/sub-049/mri/orig.mgz
volume = 256 256 256
voxelsize = 1.000000000000000e+00 1.000000000000000e+00 1.000000000000000e+00
xras   = -9.999999403953552e-01 -2.561137080192566e-09 -3.725290298461914e-09
yras   = 0.000000000000000e+00 0.000000000000000e+00 -9.999998807907104e-01
zras   = -1.746229827404022e-09 9.999999403953552e-01 3.725290298461914e-09
cras   = -1.965187072753906e+00 5.171784210205078e+01 3.038461685180664e+01
dst volume info
valid = 1  # volume info valid
filename = /usr/local/freesurfer/average/mni305.cor.mgz
volume = 256 256 256
voxelsize = 1.000000000000000e+00 1.000000000000000e+00 1.000000000000000e+00
xras   = -1.000000000000000e+00 0.000000000000000e+00 0.000000000000000e+00
yras   = 0.000000000000000e+00 0.000000000000000e+00 -1.000000000000000e+00
zras   = 0.000000000000000e+00 1.000000000000000e+00 0.000000000000000e+00
cras   = 0.000000000000000e+00 0.000000000000000e+00 0.000000000000000e+00
subject fsaverage
fscale 0.100000
