# transform file transforms/talairach_with_skull.lta
# created by root on Wed Jun  4 14:17:19 2025

type      = 0 # LINEAR_VOX_TO_VOX
nxforms   = 1
mean      = 128.0000 133.0000 109.0000
sigma     = 10000.0000
1 4 4
1.076060295104980e+00 8.282639831304550e-02 -1.603249832987785e-02 -2.276724243164062e+01 
-1.044674515724182e-01 1.210610628128052e+00 -1.662658527493477e-02 -2.100009727478027e+01 
1.562388800084591e-02 2.144776284694672e-02 9.985579252243042e-01 -1.622865200042725e+00 
0.000000000000000e+00 0.000000000000000e+00 0.000000000000000e+00 1.000000000000000e+00 
src volume info
valid = 1  # volume info valid
filename = nu.mgz
volume = 256 256 256
voxelsize = 1.000000000000000e+00 1.000000000000000e+00 1.000000000000000e+00
xras   = -9.999999403953552e-01 -2.561137080192566e-09 -3.725290298461914e-09
yras   = 0.000000000000000e+00 0.000000000000000e+00 -9.999998807907104e-01
zras   = -1.746229827404022e-09 9.999999403953552e-01 3.725290298461914e-09
cras   = -1.965187072753906e+00 5.171784210205078e+01 3.038461685180664e+01
dst volume info
valid = 1  # volume info valid
filename = /usr/local/freesurfer/average/RB_all_withskull_2020_01_02.gca
volume = 256 256 256
voxelsize = 1.000000000000000e+00 1.000000000000000e+00 1.000000000000000e+00
xras   = -1.000000000000000e+00 0.000000000000000e+00 0.000000000000000e+00
yras   = 0.000000000000000e+00 0.000000000000000e+00 -1.000000000000000e+00
zras   = 0.000000000000000e+00 1.000000000000000e+00 0.000000000000000e+00
cras   = 0.000000000000000e+00 0.000000000000000e+00 0.000000000000000e+00
