type      = 1 # LINEAR_RAS_TO_RAS
nxforms   = 1
mean      = 0.0000 0.0000 0.0000
sigma     = 1.0000
1 4 4
1.118744969367981e+00 3.068299964070320e-02 3.573000058531761e-02 1.451858997344971e+00 
-5.451700091362000e-02 1.033943057060242e+00 5.811600014567375e-02 -5.415721893310547e+01 
-4.235300049185753e-02 -4.802300035953522e-02 1.073683977127075e+00 -2.160679626464844e+01 
0.000000000000000e+00 0.000000000000000e+00 0.000000000000000e+00 1.000000000000000e+00 
src volume info
valid = 1  # volume info valid
filename = /home/freesurfer/subjects/sub-049/mri/orig_nu.mgz
volume = 256 256 256
voxelsize = 1.000000000000000e+00 1.000000000000000e+00 1.000000000000000e+00
xras   = -9.999999403953552e-01 -2.561137080192566e-09 -3.725290298461914e-09
yras   = 0.000000000000000e+00 0.000000000000000e+00 -9.999998807907104e-01
zras   = -1.746229827404022e-09 9.999999403953552e-01 3.725290298461914e-09
cras   = -1.965187072753906e+00 5.171784210205078e+01 3.038461685180664e+01
dst volume info
valid = 1  # volume info valid
filename = /usr/local/freesurfer/average/mni305.cor.mgz
volume = 256 256 256
voxelsize = 1.000000000000000e+00 1.000000000000000e+00 1.000000000000000e+00
xras   = -1.000000000000000e+00 0.000000000000000e+00 0.000000000000000e+00
yras   = 0.000000000000000e+00 0.000000000000000e+00 -1.000000000000000e+00
zras   = 0.000000000000000e+00 1.000000000000000e+00 0.000000000000000e+00
cras   = 0.000000000000000e+00 0.000000000000000e+00 0.000000000000000e+00
subject fsaverage
fscale 0.100000
