# transform file /home/freesurfer/subjects/sub-016/mri/transforms/cc_up.lta
# created by root on Fri May 30 04:57:03 2025

type      = 0 # LINEAR_VOX_TO_VOX
nxforms   = 1
mean      = 128.0000 141.0000 107.0000
sigma     = 10000.0000
1 4 4
9.932949542999268e-01 -8.601660281419754e-02 -7.724206149578094e-02 2.059266471862793e+01 
8.575769513845444e-02 9.962937831878662e-01 -6.668815854936838e-03 -2.723310232162476e+00 
7.752940803766251e-02 0.000000000000000e+00 9.969901442527771e-01 2.752945899963379e+01 
0.000000000000000e+00 0.000000000000000e+00 0.000000000000000e+00 1.000000000000000e+00 
src volume info
valid = 1  # volume info valid
filename = /home/freesurfer/subjects/sub-016/mri/norm.mgz
volume = 256 256 256
voxelsize = 1.000000000000000e+00 1.000000000000000e+00 1.000000000000000e+00
xras   = -9.999999403953552e-01 -3.725290298461914e-09 0.000000000000000e+00
yras   = 7.450580596923828e-09 -1.490116119384766e-08 -9.999999403953552e-01
zras   = 1.862645149230957e-09 1.000000000000000e+00 0.000000000000000e+00
cras   = 5.763397216796875e-01 2.450426483154297e+01 4.448943328857422e+01
dst volume info
valid = 1  # volume info valid
filename = /home/freesurfer/subjects/sub-016/mri/norm.mgz
volume = 256 256 256
voxelsize = 1.000000000000000e+00 1.000000000000000e+00 1.000000000000000e+00
xras   = -9.999999403953552e-01 -3.725290298461914e-09 0.000000000000000e+00
yras   = 7.450580596923828e-09 -1.490116119384766e-08 -9.999999403953552e-01
zras   = 1.862645149230957e-09 1.000000000000000e+00 0.000000000000000e+00
cras   = 5.763397216796875e-01 2.450426483154297e+01 4.448943328857422e+01
