# transform file transforms/talairach_with_skull.lta
# created by root on Fri May 30 01:29:46 2025

type      = 0 # LINEAR_VOX_TO_VOX
nxforms   = 1
mean      = 130.0000 141.0000 112.0000
sigma     = 10000.0000
1 4 4
1.085393786430359e+00 -6.852209568023682e-02 -5.100835859775543e-02 1.637605905532837e+00 
1.011120304465294e-01 1.077970147132874e+00 4.965988695621490e-01 -9.092968750000000e+01 
1.716909930109978e-02 -5.246790647506714e-01 9.444527029991150e-01 7.552794647216797e+01 
0.000000000000000e+00 0.000000000000000e+00 0.000000000000000e+00 1.000000000000000e+00 
src volume info
valid = 1  # volume info valid
filename = nu.mgz
volume = 256 256 256
voxelsize = 1.000000000000000e+00 1.000000000000000e+00 1.000000000000000e+00
xras   = -9.999999403953552e-01 -3.725290298461914e-09 0.000000000000000e+00
yras   = 7.450580596923828e-09 -1.490116119384766e-08 -9.999999403953552e-01
zras   = 1.862645149230957e-09 1.000000000000000e+00 0.000000000000000e+00
cras   = 5.763397216796875e-01 2.450426483154297e+01 4.448943328857422e+01
dst volume info
valid = 1  # volume info valid
filename = /usr/local/freesurfer/average/RB_all_withskull_2020_01_02.gca
volume = 256 256 256
voxelsize = 1.000000000000000e+00 1.000000000000000e+00 1.000000000000000e+00
xras   = -1.000000000000000e+00 0.000000000000000e+00 0.000000000000000e+00
yras   = 0.000000000000000e+00 0.000000000000000e+00 -1.000000000000000e+00
zras   = 0.000000000000000e+00 1.000000000000000e+00 0.000000000000000e+00
cras   = 0.000000000000000e+00 0.000000000000000e+00 0.000000000000000e+00
