type      = 0 # LINEAR_VOX_TO_VOX
nxforms   = 1
mean      = 0.0000 0.0000 0.0000
sigma     = 1.0000
1 4 4
1.133377909660339e+00 -9.782499819993973e-02 -9.767299890518188e-02 6.397087097167969e+00 
9.831499308347702e-02 1.055490851402283e+00 4.542030096054077e-01 -8.018569946289062e+01 
3.073299489915371e-02 -4.063429832458496e-01 9.403679966926575e-01 6.108022308349609e+01 
0.000000000000000e+00 0.000000000000000e+00 0.000000000000000e+00 1.000000000000000e+00 
src volume info
valid = 1  # volume info valid
filename = /home/freesurfer/subjects/sub-016/mri/orig.mgz
volume = 256 256 256
voxelsize = 1.000000000000000e+00 1.000000000000000e+00 1.000000000000000e+00
xras   = -9.999999403953552e-01 -3.725290298461914e-09 0.000000000000000e+00
yras   = 7.450580596923828e-09 -1.490116119384766e-08 -9.999999403953552e-01
zras   = 1.862645149230957e-09 1.000000000000000e+00 0.000000000000000e+00
cras   = 5.763397216796875e-01 2.450426483154297e+01 4.448943328857422e+01
dst volume info
valid = 1  # volume info valid
filename = /usr/local/freesurfer/average/mni305.cor.mgz
volume = 256 256 256
voxelsize = 1.000000000000000e+00 1.000000000000000e+00 1.000000000000000e+00
xras   = -1.000000000000000e+00 0.000000000000000e+00 0.000000000000000e+00
yras   = 0.000000000000000e+00 0.000000000000000e+00 -1.000000000000000e+00
zras   = 0.000000000000000e+00 1.000000000000000e+00 0.000000000000000e+00
cras   = 0.000000000000000e+00 0.000000000000000e+00 0.000000000000000e+00
subject fsaverage
fscale 0.100000
