# transform file transforms/talairach.lta
# created by root on Fri May 30 01:43:30 2025

type      = 0 # LINEAR_VOX_TO_VOX
nxforms   = 1
mean      = 128.0000 142.0000 105.0000
sigma     = 10000.0000
1 4 4
1.113290309906006e+00 -1.014076322317123e-01 -1.238579899072647e-01 1.030175495147705e+01 
1.522418260574341e-01 9.795081019401550e-01 4.676451086997986e-01 -7.877043914794922e+01 
7.852960377931595e-02 -4.333331286907196e-01 8.993675708770752e-01 6.315119171142578e+01 
0.000000000000000e+00 0.000000000000000e+00 0.000000000000000e+00 1.000000000000000e+00 
src volume info
valid = 1  # volume info valid
filename = nu.mgz
volume = 256 256 256
voxelsize = 1.000000000000000e+00 1.000000000000000e+00 1.000000000000000e+00
xras   = -9.999999403953552e-01 -3.725290298461914e-09 0.000000000000000e+00
yras   = 7.450580596923828e-09 -1.490116119384766e-08 -9.999999403953552e-01
zras   = 1.862645149230957e-09 1.000000000000000e+00 0.000000000000000e+00
cras   = 5.763397216796875e-01 2.450426483154297e+01 4.448943328857422e+01
dst volume info
valid = 1  # volume info valid
filename = /usr/local/freesurfer/average/RB_all_2020-01-02.gca
volume = 256 256 256
voxelsize = 1.000000000000000e+00 1.000000000000000e+00 1.000000000000000e+00
xras   = -1.000000000000000e+00 0.000000000000000e+00 0.000000000000000e+00
yras   = 0.000000000000000e+00 0.000000000000000e+00 -1.000000000000000e+00
zras   = 0.000000000000000e+00 1.000000000000000e+00 0.000000000000000e+00
cras   = 0.000000000000000e+00 0.000000000000000e+00 0.000000000000000e+00
