# transform file /home/freesurfer/subjects/sub-012/mri/transforms/cc_up.lta
# created by root on Thu May 29 05:03:25 2025

type      = 0 # LINEAR_VOX_TO_VOX
nxforms   = 1
mean      = 131.0000 128.0000 106.0000
sigma     = 10000.0000
1 4 4
9.982630610466003e-01 -5.857574939727783e-02 6.310192402452230e-03 5.470844745635986e+00 
5.857457965612411e-02 9.982830286026001e-01 3.702600079122931e-04 1.362637996673584e+01 
-6.321045570075512e-03 -2.910383045673370e-11 9.999800324440002e-01 4.581388854980469e+01 
0.000000000000000e+00 0.000000000000000e+00 0.000000000000000e+00 1.000000000000000e+00 
src volume info
valid = 1  # volume info valid
filename = /home/freesurfer/subjects/sub-012/mri/norm.mgz
volume = 256 256 256
voxelsize = 1.000000000000000e+00 1.000000000000000e+00 1.000000000000000e+00
xras   = -1.000000000000000e+00 6.984919309616089e-10 7.450580596923828e-09
yras   = 0.000000000000000e+00 -9.313225746154785e-10 -9.999999403953552e-01
zras   = -1.746229827404022e-10 9.999999403953552e-01 -1.862645149230957e-09
cras   = -6.431808471679688e-01 2.156140899658203e+01 1.024724426269531e+02
dst volume info
valid = 1  # volume info valid
filename = /home/freesurfer/subjects/sub-012/mri/norm.mgz
volume = 256 256 256
voxelsize = 1.000000000000000e+00 1.000000000000000e+00 1.000000000000000e+00
xras   = -1.000000000000000e+00 6.984919309616089e-10 7.450580596923828e-09
yras   = 0.000000000000000e+00 -9.313225746154785e-10 -9.999999403953552e-01
zras   = -1.746229827404022e-10 9.999999403953552e-01 -1.862645149230957e-09
cras   = -6.431808471679688e-01 2.156140899658203e+01 1.024724426269531e+02
