type      = 0 # LINEAR_VOX_TO_VOX
nxforms   = 1
mean      = 0.0000 0.0000 0.0000
sigma     = 1.0000
1 4 4
1.087844014167786e+00 -4.283899441361427e-02 1.719000050798059e-03 -7.702957153320312e+00 
4.102199152112007e-02 1.020320892333984e+00 3.435559570789337e-01 -4.484967041015625e+01 
-5.080299451947212e-02 -3.677019774913788e-01 1.105931878089905e+00 5.088499450683594e+01 
0.000000000000000e+00 0.000000000000000e+00 0.000000000000000e+00 1.000000000000000e+00 
src volume info
valid = 1  # volume info valid
filename = /home/freesurfer/subjects/sub-012/mri/orig.mgz
volume = 256 256 256
voxelsize = 1.000000000000000e+00 1.000000000000000e+00 1.000000000000000e+00
xras   = -1.000000000000000e+00 6.984919309616089e-10 7.450580596923828e-09
yras   = 0.000000000000000e+00 -9.313225746154785e-10 -9.999999403953552e-01
zras   = -1.746229827404022e-10 9.999999403953552e-01 -1.862645149230957e-09
cras   = -6.431808471679688e-01 2.156140899658203e+01 1.024724426269531e+02
dst volume info
valid = 1  # volume info valid
filename = /usr/local/freesurfer/average/mni305.cor.mgz
volume = 256 256 256
voxelsize = 1.000000000000000e+00 1.000000000000000e+00 1.000000000000000e+00
xras   = -1.000000000000000e+00 0.000000000000000e+00 0.000000000000000e+00
yras   = 0.000000000000000e+00 0.000000000000000e+00 -1.000000000000000e+00
zras   = 0.000000000000000e+00 1.000000000000000e+00 0.000000000000000e+00
cras   = 0.000000000000000e+00 0.000000000000000e+00 0.000000000000000e+00
subject fsaverage
fscale 0.100000
