# transform file transforms/talairach.lta
# created by root on Thu May 29 01:51:20 2025

type      = 0 # LINEAR_VOX_TO_VOX
nxforms   = 1
mean      = 130.0000 129.0000 106.0000
sigma     = 10000.0000
1 4 4
1.048014283180237e+00 -6.293328106403351e-02 4.435079637914896e-03 -1.820039153099060e+00 
6.322344392538071e-02 1.084545493125916e+00 2.428964674472809e-01 -4.628991317749023e+01 
-1.977195218205452e-02 -2.313970774412155e-01 9.523620605468750e-01 4.422231292724609e+01 
0.000000000000000e+00 0.000000000000000e+00 0.000000000000000e+00 1.000000000000000e+00 
src volume info
valid = 1  # volume info valid
filename = nu.mgz
volume = 256 256 256
voxelsize = 1.000000000000000e+00 1.000000000000000e+00 1.000000000000000e+00
xras   = -1.000000000000000e+00 6.984919309616089e-10 7.450580596923828e-09
yras   = 0.000000000000000e+00 -9.313225746154785e-10 -9.999999403953552e-01
zras   = -1.746229827404022e-10 9.999999403953552e-01 -1.862645149230957e-09
cras   = -6.431808471679688e-01 2.156140899658203e+01 1.024724426269531e+02
dst volume info
valid = 1  # volume info valid
filename = /usr/local/freesurfer/average/RB_all_2020-01-02.gca
volume = 256 256 256
voxelsize = 1.000000000000000e+00 1.000000000000000e+00 1.000000000000000e+00
xras   = -1.000000000000000e+00 0.000000000000000e+00 0.000000000000000e+00
yras   = 0.000000000000000e+00 0.000000000000000e+00 -1.000000000000000e+00
zras   = 0.000000000000000e+00 1.000000000000000e+00 0.000000000000000e+00
cras   = 0.000000000000000e+00 0.000000000000000e+00 0.000000000000000e+00
