type      = 1 # LINEAR_RAS_TO_RAS
nxforms   = 1
mean      = 0.0000 0.0000 0.0000
sigma     = 1.0000
1 4 4
1.087844014167786e+00 -1.719000050798059e-03 -4.283899813890457e-02 6.848845958709717e+00 
5.080299824476242e-02 1.105931997299194e+00 3.677020072937012e-01 -5.061645507812500e+01 
4.102199897170067e-02 -3.435559868812561e-01 1.020321011543274e+00 -1.040982360839844e+02 
0.000000000000000e+00 0.000000000000000e+00 0.000000000000000e+00 1.000000000000000e+00 
src volume info
valid = 1  # volume info valid
filename = /home/freesurfer/subjects/sub-012/mri/orig_nu.mgz
volume = 256 256 256
voxelsize = 1.000000000000000e+00 1.000000000000000e+00 1.000000000000000e+00
xras   = -1.000000000000000e+00 6.984919309616089e-10 7.450580596923828e-09
yras   = 0.000000000000000e+00 -9.313225746154785e-10 -9.999999403953552e-01
zras   = -1.746229827404022e-10 9.999999403953552e-01 -1.862645149230957e-09
cras   = -6.431808471679688e-01 2.156140899658203e+01 1.024724426269531e+02
dst volume info
valid = 1  # volume info valid
filename = /usr/local/freesurfer/average/mni305.cor.mgz
volume = 256 256 256
voxelsize = 1.000000000000000e+00 1.000000000000000e+00 1.000000000000000e+00
xras   = -1.000000000000000e+00 0.000000000000000e+00 0.000000000000000e+00
yras   = 0.000000000000000e+00 0.000000000000000e+00 -1.000000000000000e+00
zras   = 0.000000000000000e+00 1.000000000000000e+00 0.000000000000000e+00
cras   = 0.000000000000000e+00 0.000000000000000e+00 0.000000000000000e+00
subject fsaverage
fscale 0.100000
