# transform file transforms/talairach_with_skull.lta
# created by root on Thu May 29 01:39:10 2025

type      = 0 # LINEAR_VOX_TO_VOX
nxforms   = 1
mean      = 129.0000 130.0000 111.0000
sigma     = 10000.0000
1 4 4
1.095057487487793e+00 -5.906131863594055e-02 8.915559388697147e-03 -1.031551837921143e+01 
5.107948556542397e-02 1.234264492988586e+00 2.473421394824982e-01 -6.247564315795898e+01 
-4.996706545352936e-02 -2.122774422168732e-01 1.060447931289673e+00 3.232483291625977e+01 
0.000000000000000e+00 0.000000000000000e+00 0.000000000000000e+00 1.000000000000000e+00 
src volume info
valid = 1  # volume info valid
filename = nu.mgz
volume = 256 256 256
voxelsize = 1.000000000000000e+00 1.000000000000000e+00 1.000000000000000e+00
xras   = -1.000000000000000e+00 6.984919309616089e-10 7.450580596923828e-09
yras   = 0.000000000000000e+00 -9.313225746154785e-10 -9.999999403953552e-01
zras   = -1.746229827404022e-10 9.999999403953552e-01 -1.862645149230957e-09
cras   = -6.431808471679688e-01 2.156140899658203e+01 1.024724426269531e+02
dst volume info
valid = 1  # volume info valid
filename = /usr/local/freesurfer/average/RB_all_withskull_2020_01_02.gca
volume = 256 256 256
voxelsize = 1.000000000000000e+00 1.000000000000000e+00 1.000000000000000e+00
xras   = -1.000000000000000e+00 0.000000000000000e+00 0.000000000000000e+00
yras   = 0.000000000000000e+00 0.000000000000000e+00 -1.000000000000000e+00
zras   = 0.000000000000000e+00 1.000000000000000e+00 0.000000000000000e+00
cras   = 0.000000000000000e+00 0.000000000000000e+00 0.000000000000000e+00
