# transform file /home/freesurfer/subjects/sub-023/mri/transforms/cc_up.lta
# created by root on Thu May 29 10:39:15 2025

type      = 0 # LINEAR_VOX_TO_VOX
nxforms   = 1
mean      = 129.0000 138.0000 106.0000
sigma     = 10000.0000
1 4 4
9.959835410118103e-01 -7.508835196495056e-02 4.877246543765068e-02 4.161010742187500e+00 
7.499849051237106e-02 9.971770048141479e-01 3.672612365335226e-03 2.271095275878906e+00 
-4.891054704785347e-02 -2.328306714094452e-10 9.988032579421997e-01 4.044566726684570e+01 
0.000000000000000e+00 0.000000000000000e+00 0.000000000000000e+00 1.000000000000000e+00 
src volume info
valid = 1  # volume info valid
filename = /home/freesurfer/subjects/sub-023/mri/norm.mgz
volume = 256 256 256
voxelsize = 1.000000000000000e+00 1.000000000000000e+00 1.000000000000000e+00
xras   = -1.000000119209290e+00 -4.656612873077393e-10 0.000000000000000e+00
yras   = 3.725290298461914e-09 -7.450580596923828e-09 -1.000000119209290e+00
zras   = -4.656612873077393e-10 1.000000238418579e+00 7.450580596923828e-09
cras   = 4.601188659667969e+00 1.890699768066406e+01 1.753114318847656e+01
dst volume info
valid = 1  # volume info valid
filename = /home/freesurfer/subjects/sub-023/mri/norm.mgz
volume = 256 256 256
voxelsize = 1.000000000000000e+00 1.000000000000000e+00 1.000000000000000e+00
xras   = -1.000000119209290e+00 -4.656612873077393e-10 0.000000000000000e+00
yras   = 3.725290298461914e-09 -7.450580596923828e-09 -1.000000119209290e+00
zras   = -4.656612873077393e-10 1.000000238418579e+00 7.450580596923828e-09
cras   = 4.601188659667969e+00 1.890699768066406e+01 1.753114318847656e+01
