type      = 0 # LINEAR_VOX_TO_VOX
nxforms   = 1
mean      = 0.0000 0.0000 0.0000
sigma     = 1.0000
1 4 4
1.033815145492554e+00 -5.710101127624512e-02 2.941800653934479e-02 -1.240097045898438e+00 
6.646201014518738e-02 1.043779134750366e+00 3.383221030235291e-01 -6.173704528808594e+01 
5.239995080046356e-04 -4.127410650253296e-01 1.064765214920044e+00 5.178599548339844e+01 
0.000000000000000e+00 0.000000000000000e+00 0.000000000000000e+00 1.000000000000000e+00 
src volume info
valid = 1  # volume info valid
filename = /home/freesurfer/subjects/sub-023/mri/orig.mgz
volume = 256 256 256
voxelsize = 1.000000000000000e+00 1.000000000000000e+00 1.000000000000000e+00
xras   = -1.000000119209290e+00 -4.656612873077393e-10 0.000000000000000e+00
yras   = 3.725290298461914e-09 -7.450580596923828e-09 -1.000000119209290e+00
zras   = -4.656612873077393e-10 1.000000238418579e+00 7.450580596923828e-09
cras   = 4.601188659667969e+00 1.890699768066406e+01 1.753114318847656e+01
dst volume info
valid = 1  # volume info valid
filename = /usr/local/freesurfer/average/mni305.cor.mgz
volume = 256 256 256
voxelsize = 1.000000000000000e+00 1.000000000000000e+00 1.000000000000000e+00
xras   = -1.000000000000000e+00 0.000000000000000e+00 0.000000000000000e+00
yras   = 0.000000000000000e+00 0.000000000000000e+00 -1.000000000000000e+00
zras   = 0.000000000000000e+00 1.000000000000000e+00 0.000000000000000e+00
cras   = 0.000000000000000e+00 0.000000000000000e+00 0.000000000000000e+00
subject fsaverage
fscale 0.100000
