# transform file transforms/talairach.lta
# created by root on Thu May 29 07:31:22 2025

type      = 0 # LINEAR_VOX_TO_VOX
nxforms   = 1
mean      = 129.0000 139.0000 106.0000
sigma     = 10000.0000
1 4 4
9.963813424110413e-01 -6.761433929204941e-02 4.495604336261749e-02 4.885206222534180e-01 
3.326669335365295e-02 1.103433370590210e+00 3.076448440551758e-01 -6.173612976074219e+01 
-5.842620134353638e-02 -2.916434109210968e-01 1.056405544281006e+00 4.404481506347656e+01 
0.000000000000000e+00 0.000000000000000e+00 0.000000000000000e+00 1.000000000000000e+00 
src volume info
valid = 1  # volume info valid
filename = nu.mgz
volume = 256 256 256
voxelsize = 1.000000000000000e+00 1.000000000000000e+00 1.000000000000000e+00
xras   = -1.000000119209290e+00 -4.656612873077393e-10 0.000000000000000e+00
yras   = 3.725290298461914e-09 -7.450580596923828e-09 -1.000000119209290e+00
zras   = -4.656612873077393e-10 1.000000238418579e+00 7.450580596923828e-09
cras   = 4.601188659667969e+00 1.890699768066406e+01 1.753114318847656e+01
dst volume info
valid = 1  # volume info valid
filename = /usr/local/freesurfer/average/RB_all_2020-01-02.gca
volume = 256 256 256
voxelsize = 1.000000000000000e+00 1.000000000000000e+00 1.000000000000000e+00
xras   = -1.000000000000000e+00 0.000000000000000e+00 0.000000000000000e+00
yras   = 0.000000000000000e+00 0.000000000000000e+00 -1.000000000000000e+00
zras   = 0.000000000000000e+00 1.000000000000000e+00 0.000000000000000e+00
cras   = 0.000000000000000e+00 0.000000000000000e+00 0.000000000000000e+00
