type      = 1 # LINEAR_RAS_TO_RAS
nxforms   = 1
mean      = 0.0000 0.0000 0.0000
sigma     = 1.0000
1 4 4
1.033815026283264e+00 -2.941799908876419e-02 -5.710100010037422e-02 -2.744338989257812e+00 
-5.239999736659229e-04 1.064764976501465e+00 4.127410054206848e-01 -2.005276489257812e+01 
6.646200269460678e-02 -3.383220136165619e-01 1.043779015541077e+00 -7.886840820312500e+00 
0.000000000000000e+00 0.000000000000000e+00 0.000000000000000e+00 1.000000000000000e+00 
src volume info
valid = 1  # volume info valid
filename = /home/freesurfer/subjects/sub-023/mri/orig_nu.mgz
volume = 256 256 256
voxelsize = 1.000000000000000e+00 1.000000000000000e+00 1.000000000000000e+00
xras   = -1.000000119209290e+00 -4.656612873077393e-10 0.000000000000000e+00
yras   = 3.725290298461914e-09 -7.450580596923828e-09 -1.000000119209290e+00
zras   = -4.656612873077393e-10 1.000000238418579e+00 7.450580596923828e-09
cras   = 4.601188659667969e+00 1.890699768066406e+01 1.753114318847656e+01
dst volume info
valid = 1  # volume info valid
filename = /usr/local/freesurfer/average/mni305.cor.mgz
volume = 256 256 256
voxelsize = 1.000000000000000e+00 1.000000000000000e+00 1.000000000000000e+00
xras   = -1.000000000000000e+00 0.000000000000000e+00 0.000000000000000e+00
yras   = 0.000000000000000e+00 0.000000000000000e+00 -1.000000000000000e+00
zras   = 0.000000000000000e+00 1.000000000000000e+00 0.000000000000000e+00
cras   = 0.000000000000000e+00 0.000000000000000e+00 0.000000000000000e+00
subject fsaverage
fscale 0.100000
