# transform file transforms/talairach_with_skull.lta
# created by root on Thu May 29 07:21:05 2025

type      = 0 # LINEAR_VOX_TO_VOX
nxforms   = 1
mean      = 129.0000 135.0000 111.0000
sigma     = 10000.0000
1 4 4
9.957056045532227e-01 -7.537990808486938e-02 5.555301904678345e-02 -1.855709552764893e-01 
4.963334277272224e-02 1.121767401695251e+00 3.528169095516205e-01 -7.234380340576172e+01 
-6.472106277942657e-02 -3.307303190231323e-01 1.068557739257812e+00 4.694577789306641e+01 
0.000000000000000e+00 0.000000000000000e+00 0.000000000000000e+00 1.000000000000000e+00 
src volume info
valid = 1  # volume info valid
filename = nu.mgz
volume = 256 256 256
voxelsize = 1.000000000000000e+00 1.000000000000000e+00 1.000000000000000e+00
xras   = -1.000000119209290e+00 -4.656612873077393e-10 0.000000000000000e+00
yras   = 3.725290298461914e-09 -7.450580596923828e-09 -1.000000119209290e+00
zras   = -4.656612873077393e-10 1.000000238418579e+00 7.450580596923828e-09
cras   = 4.601188659667969e+00 1.890699768066406e+01 1.753114318847656e+01
dst volume info
valid = 1  # volume info valid
filename = /usr/local/freesurfer/average/RB_all_withskull_2020_01_02.gca
volume = 256 256 256
voxelsize = 1.000000000000000e+00 1.000000000000000e+00 1.000000000000000e+00
xras   = -1.000000000000000e+00 0.000000000000000e+00 0.000000000000000e+00
yras   = 0.000000000000000e+00 0.000000000000000e+00 -1.000000000000000e+00
zras   = 0.000000000000000e+00 1.000000000000000e+00 0.000000000000000e+00
cras   = 0.000000000000000e+00 0.000000000000000e+00 0.000000000000000e+00
