# transform file /home/freesurfer/subjects/sub-038/mri/transforms/cc_up.lta
# created by root on Wed Jun  4 11:37:38 2025

type      = 0 # LINEAR_VOX_TO_VOX
nxforms   = 1
mean      = 126.0000 135.0000 112.0000
sigma     = 10000.0000
1 4 4
9.983999133110046e-01 3.328840062022209e-02 -4.571100696921349e-02 -3.280536532402039e-01 
-3.325356543064117e-02 9.994457364082336e-01 1.522490056231618e-03 1.117379570007324e+01 
4.573635756969452e-02 0.000000000000000e+00 9.989535808563232e-01 2.324795341491699e+01 
0.000000000000000e+00 0.000000000000000e+00 0.000000000000000e+00 1.000000000000000e+00 
src volume info
valid = 1  # volume info valid
filename = /home/freesurfer/subjects/sub-038/mri/norm.mgz
volume = 256 256 256
voxelsize = 1.000000000000000e+00 1.000000000000000e+00 1.000000000000000e+00
xras   = -9.999998211860657e-01 1.862645149230957e-09 0.000000000000000e+00
yras   = 0.000000000000000e+00 0.000000000000000e+00 -9.999998807907104e-01
zras   = 2.328306436538696e-09 9.999998807907104e-01 7.450580596923828e-09
cras   = 4.180595397949219e+00 1.460233306884766e+01 2.689409637451172e+01
dst volume info
valid = 1  # volume info valid
filename = /home/freesurfer/subjects/sub-038/mri/norm.mgz
volume = 256 256 256
voxelsize = 1.000000000000000e+00 1.000000000000000e+00 1.000000000000000e+00
xras   = -9.999998211860657e-01 1.862645149230957e-09 0.000000000000000e+00
yras   = 0.000000000000000e+00 0.000000000000000e+00 -9.999998807907104e-01
zras   = 2.328306436538696e-09 9.999998807907104e-01 7.450580596923828e-09
cras   = 4.180595397949219e+00 1.460233306884766e+01 2.689409637451172e+01
