# transform file transforms/talairach.lta
# created by root on Wed Jun  4 08:39:39 2025

type      = 0 # LINEAR_VOX_TO_VOX
nxforms   = 1
mean      = 126.0000 136.0000 112.0000
sigma     = 10000.0000
1 4 4
1.066758751869202e+00 2.836729399859905e-02 -2.769136987626553e-02 -1.074289321899414e+01 
-1.618022285401821e-02 1.088470101356506e+00 3.603658974170685e-01 -5.810172271728516e+01 
3.632080927491188e-02 -3.464834094047546e-01 9.907973408699036e-01 4.190528869628906e+01 
0.000000000000000e+00 0.000000000000000e+00 0.000000000000000e+00 1.000000000000000e+00 
src volume info
valid = 1  # volume info valid
filename = nu.mgz
volume = 256 256 256
voxelsize = 1.000000000000000e+00 1.000000000000000e+00 1.000000000000000e+00
xras   = -9.999998211860657e-01 1.862645149230957e-09 0.000000000000000e+00
yras   = 0.000000000000000e+00 0.000000000000000e+00 -9.999998807907104e-01
zras   = 2.328306436538696e-09 9.999998807907104e-01 7.450580596923828e-09
cras   = 4.180595397949219e+00 1.460233306884766e+01 2.689409637451172e+01
dst volume info
valid = 1  # volume info valid
filename = /usr/local/freesurfer/average/RB_all_2020-01-02.gca
volume = 256 256 256
voxelsize = 1.000000000000000e+00 1.000000000000000e+00 1.000000000000000e+00
xras   = -1.000000000000000e+00 0.000000000000000e+00 0.000000000000000e+00
yras   = 0.000000000000000e+00 0.000000000000000e+00 -1.000000000000000e+00
zras   = 0.000000000000000e+00 1.000000000000000e+00 0.000000000000000e+00
cras   = 0.000000000000000e+00 0.000000000000000e+00 0.000000000000000e+00
