# transform file transforms/talairach_with_skull.lta
# created by root on Wed Jun  4 08:30:04 2025

type      = 0 # LINEAR_VOX_TO_VOX
nxforms   = 1
mean      = 127.0000 133.0000 117.0000
sigma     = 10000.0000
1 4 4
1.024503350257874e+00 8.792386949062347e-02 -4.259169846773148e-02 -1.135198497772217e+01 
-6.185970827937126e-02 1.192374944686890e+00 3.915774226188660e-01 -6.958420562744141e+01 
4.907277971506119e-02 -3.167803883552551e-01 9.931573867797852e-01 3.429280471801758e+01 
0.000000000000000e+00 0.000000000000000e+00 0.000000000000000e+00 1.000000000000000e+00 
src volume info
valid = 1  # volume info valid
filename = nu.mgz
volume = 256 256 256
voxelsize = 1.000000000000000e+00 1.000000000000000e+00 1.000000000000000e+00
xras   = -9.999998211860657e-01 1.862645149230957e-09 0.000000000000000e+00
yras   = 0.000000000000000e+00 0.000000000000000e+00 -9.999998807907104e-01
zras   = 2.328306436538696e-09 9.999998807907104e-01 7.450580596923828e-09
cras   = 4.180595397949219e+00 1.460233306884766e+01 2.689409637451172e+01
dst volume info
valid = 1  # volume info valid
filename = /usr/local/freesurfer/average/RB_all_withskull_2020_01_02.gca
volume = 256 256 256
voxelsize = 1.000000000000000e+00 1.000000000000000e+00 1.000000000000000e+00
xras   = -1.000000000000000e+00 0.000000000000000e+00 0.000000000000000e+00
yras   = 0.000000000000000e+00 0.000000000000000e+00 -1.000000000000000e+00
zras   = 0.000000000000000e+00 1.000000000000000e+00 0.000000000000000e+00
cras   = 0.000000000000000e+00 0.000000000000000e+00 0.000000000000000e+00
