# transform file /home/freesurfer/subjects/sub-040/mri/transforms/cc_up.lta
# created by root on Wed Jun  4 22:21:16 2025

type      = 0 # LINEAR_VOX_TO_VOX
nxforms   = 1
mean      = 127.0000 134.0000 115.0000
sigma     = 10000.0000
1 4 4
9.985472559928894e-01 4.989379271864891e-02 2.034980244934559e-02 -8.343160629272461e+00 
-4.988343641161919e-02 9.987545609474182e-01 -1.016594818793237e-03 1.866649436950684e+01 
-2.037517912685871e-02 -1.164153357047226e-10 9.997923970222473e-01 2.664236450195312e+01 
0.000000000000000e+00 0.000000000000000e+00 0.000000000000000e+00 1.000000000000000e+00 
src volume info
valid = 1  # volume info valid
filename = /home/freesurfer/subjects/sub-040/mri/norm.mgz
volume = 256 256 256
voxelsize = 1.000000000000000e+00 1.000000000000000e+00 1.000000000000000e+00
xras   = -1.000000000000000e+00 6.984919309616089e-10 -1.862645149230957e-09
yras   = 0.000000000000000e+00 0.000000000000000e+00 -1.000000000000000e+00
zras   = 9.313225746154785e-10 1.000000000000000e+00 0.000000000000000e+00
cras   = -7.042083740234375e-01 2.392330169677734e+01 3.214402770996094e+01
dst volume info
valid = 1  # volume info valid
filename = /home/freesurfer/subjects/sub-040/mri/norm.mgz
volume = 256 256 256
voxelsize = 1.000000000000000e+00 1.000000000000000e+00 1.000000000000000e+00
xras   = -1.000000000000000e+00 6.984919309616089e-10 -1.862645149230957e-09
yras   = 0.000000000000000e+00 0.000000000000000e+00 -1.000000000000000e+00
zras   = 9.313225746154785e-10 1.000000000000000e+00 0.000000000000000e+00
cras   = -7.042083740234375e-01 2.392330169677734e+01 3.214402770996094e+01
