# transform file transforms/talairach.lta
# created by root on Wed Jun  4 19:27:22 2025

type      = 0 # LINEAR_VOX_TO_VOX
nxforms   = 1
mean      = 126.0000 134.0000 114.0000
sigma     = 10000.0000
1 4 4
1.129168391227722e+00 3.392167016863823e-02 3.804842382669449e-02 -2.741041564941406e+01 
-4.578638449311256e-02 1.125337362289429e+00 4.016816243529320e-02 -2.663217163085938e+01 
-3.948171436786652e-02 -9.424503892660141e-02 9.618310928344727e-01 1.929847526550293e+01 
0.000000000000000e+00 0.000000000000000e+00 0.000000000000000e+00 1.000000000000000e+00 
src volume info
valid = 1  # volume info valid
filename = nu.mgz
volume = 256 256 256
voxelsize = 1.000000000000000e+00 1.000000000000000e+00 1.000000000000000e+00
xras   = -1.000000000000000e+00 6.984919309616089e-10 -1.862645149230957e-09
yras   = 0.000000000000000e+00 0.000000000000000e+00 -1.000000000000000e+00
zras   = 9.313225746154785e-10 1.000000000000000e+00 0.000000000000000e+00
cras   = -7.042083740234375e-01 2.392330169677734e+01 3.214402770996094e+01
dst volume info
valid = 1  # volume info valid
filename = /usr/local/freesurfer/average/RB_all_2020-01-02.gca
volume = 256 256 256
voxelsize = 1.000000000000000e+00 1.000000000000000e+00 1.000000000000000e+00
xras   = -1.000000000000000e+00 0.000000000000000e+00 0.000000000000000e+00
yras   = 0.000000000000000e+00 0.000000000000000e+00 -1.000000000000000e+00
zras   = 0.000000000000000e+00 1.000000000000000e+00 0.000000000000000e+00
cras   = 0.000000000000000e+00 0.000000000000000e+00 0.000000000000000e+00
