# transform file /home/freesurfer/subjects/sub-041/mri/transforms/cc_up.lta
# created by root on Mon Jun  2 22:24:56 2025

type      = 0 # LINEAR_VOX_TO_VOX
nxforms   = 1
mean      = 131.0000 140.0000 109.0000
sigma     = 10000.0000
1 4 4
9.974371790885925e-01 -4.293071851134300e-02 5.723793804645538e-02 -1.691021561622620e+00 
4.286020621657372e-02 9.990781545639038e-01 2.459533046931028e-03 -2.688219070434570e+00 
-5.729075521230698e-02 2.328306714094452e-10 9.983575940132141e-01 4.260442733764648e+01 
0.000000000000000e+00 0.000000000000000e+00 0.000000000000000e+00 1.000000000000000e+00 
src volume info
valid = 1  # volume info valid
filename = /home/freesurfer/subjects/sub-041/mri/norm.mgz
volume = 256 256 256
voxelsize = 1.000000000000000e+00 1.000000000000000e+00 1.000000000000000e+00
xras   = -1.000000000000000e+00 -6.519258022308350e-09 0.000000000000000e+00
yras   = 0.000000000000000e+00 0.000000000000000e+00 -9.999999403953552e-01
zras   = 9.313225746154785e-10 9.999999403953552e-01 1.490116119384766e-08
cras   = 9.685844421386719e+00 1.786318206787109e+01 2.101900100708008e+01
dst volume info
valid = 1  # volume info valid
filename = /home/freesurfer/subjects/sub-041/mri/norm.mgz
volume = 256 256 256
voxelsize = 1.000000000000000e+00 1.000000000000000e+00 1.000000000000000e+00
xras   = -1.000000000000000e+00 -6.519258022308350e-09 0.000000000000000e+00
yras   = 0.000000000000000e+00 0.000000000000000e+00 -9.999999403953552e-01
zras   = 9.313225746154785e-10 9.999999403953552e-01 1.490116119384766e-08
cras   = 9.685844421386719e+00 1.786318206787109e+01 2.101900100708008e+01
