# transform file transforms/talairach_with_skull.lta
# created by root on Mon Jun  2 19:28:31 2025

type      = 0 # LINEAR_VOX_TO_VOX
nxforms   = 1
mean      = 132.0000 137.0000 116.0000
sigma     = 10000.0000
1 4 4
1.124040722846985e+00 -5.361392349004745e-02 8.972153067588806e-02 -2.410002899169922e+01 
1.616660319268703e-02 1.193073987960815e+00 3.841956257820129e-01 -8.400747680664062e+01 
-8.607903867959976e-02 -2.867954671382904e-01 9.606848359107971e-01 5.267502212524414e+01 
0.000000000000000e+00 0.000000000000000e+00 0.000000000000000e+00 1.000000000000000e+00 
src volume info
valid = 1  # volume info valid
filename = nu.mgz
volume = 256 256 256
voxelsize = 1.000000000000000e+00 1.000000000000000e+00 1.000000000000000e+00
xras   = -1.000000000000000e+00 -6.519258022308350e-09 0.000000000000000e+00
yras   = 0.000000000000000e+00 0.000000000000000e+00 -9.999999403953552e-01
zras   = 9.313225746154785e-10 9.999999403953552e-01 1.490116119384766e-08
cras   = 9.685844421386719e+00 1.786318206787109e+01 2.101900100708008e+01
dst volume info
valid = 1  # volume info valid
filename = /usr/local/freesurfer/average/RB_all_withskull_2020_01_02.gca
volume = 256 256 256
voxelsize = 1.000000000000000e+00 1.000000000000000e+00 1.000000000000000e+00
xras   = -1.000000000000000e+00 0.000000000000000e+00 0.000000000000000e+00
yras   = 0.000000000000000e+00 0.000000000000000e+00 -1.000000000000000e+00
zras   = 0.000000000000000e+00 1.000000000000000e+00 0.000000000000000e+00
cras   = 0.000000000000000e+00 0.000000000000000e+00 0.000000000000000e+00
