# transform file transforms/talairach.lta
# created by root on Mon Jun  2 19:39:26 2025

type      = 0 # LINEAR_VOX_TO_VOX
nxforms   = 1
mean      = 131.0000 141.0000 109.0000
sigma     = 10000.0000
1 4 4
1.107410550117493e+00 -1.034689024090767e-01 9.380061924457550e-02 -1.482981491088867e+01 
7.385749369859695e-02 1.051430940628052e+00 4.514756798744202e-01 -7.890999603271484e+01 
-7.946713827550411e-03 -4.753272831439972e-01 8.687598109245300e-01 8.381710815429688e+01 
0.000000000000000e+00 0.000000000000000e+00 0.000000000000000e+00 1.000000000000000e+00 
src volume info
valid = 1  # volume info valid
filename = nu.mgz
volume = 256 256 256
voxelsize = 1.000000000000000e+00 1.000000000000000e+00 1.000000000000000e+00
xras   = -1.000000000000000e+00 -6.519258022308350e-09 0.000000000000000e+00
yras   = 0.000000000000000e+00 0.000000000000000e+00 -9.999999403953552e-01
zras   = 9.313225746154785e-10 9.999999403953552e-01 1.490116119384766e-08
cras   = 9.685844421386719e+00 1.786318206787109e+01 2.101900100708008e+01
dst volume info
valid = 1  # volume info valid
filename = /usr/local/freesurfer/average/RB_all_2020-01-02.gca
volume = 256 256 256
voxelsize = 1.000000000000000e+00 1.000000000000000e+00 1.000000000000000e+00
xras   = -1.000000000000000e+00 0.000000000000000e+00 0.000000000000000e+00
yras   = 0.000000000000000e+00 0.000000000000000e+00 -1.000000000000000e+00
zras   = 0.000000000000000e+00 1.000000000000000e+00 0.000000000000000e+00
cras   = 0.000000000000000e+00 0.000000000000000e+00 0.000000000000000e+00
