# transform file /home/freesurfer/subjects/sub-001/mri/transforms/cc_up.lta
# created by root on Wed May 28 21:56:43 2025

type      = 0 # LINEAR_VOX_TO_VOX
nxforms   = 1
mean      = 130.0000 134.0000 108.0000
sigma     = 10000.0000
1 4 4
9.990792274475098e-01 -2.275704964995384e-02 3.637085482478142e-02 -1.723550677299500e+00 
2.274198457598686e-02 9.997410178184509e-01 8.279077592305839e-04 1.101757812500000e+01 
-3.638027608394623e-02 -5.820766091346741e-11 9.993380308151245e-01 3.575394821166992e+01 
0.000000000000000e+00 0.000000000000000e+00 0.000000000000000e+00 1.000000000000000e+00 
src volume info
valid = 1  # volume info valid
filename = /home/freesurfer/subjects/sub-001/mri/norm.mgz
volume = 256 256 256
voxelsize = 1.000000000000000e+00 1.000000000000000e+00 1.000000000000000e+00
xras   = -9.999999403953552e-01 1.164153218269348e-09 0.000000000000000e+00
yras   = 0.000000000000000e+00 0.000000000000000e+00 -9.999998807907104e-01
zras   = -5.122274160385132e-09 9.999998807907104e-01 3.725290298461914e-09
cras   = -3.560348510742188e+00 3.273672485351562e+01 1.504693603515625e+01
dst volume info
valid = 1  # volume info valid
filename = /home/freesurfer/subjects/sub-001/mri/norm.mgz
volume = 256 256 256
voxelsize = 1.000000000000000e+00 1.000000000000000e+00 1.000000000000000e+00
xras   = -9.999999403953552e-01 1.164153218269348e-09 0.000000000000000e+00
yras   = 0.000000000000000e+00 0.000000000000000e+00 -9.999998807907104e-01
zras   = -5.122274160385132e-09 9.999998807907104e-01 3.725290298461914e-09
cras   = -3.560348510742188e+00 3.273672485351562e+01 1.504693603515625e+01
