# transform file transforms/talairach_with_skull.lta
# created by root on Wed May 28 16:38:46 2025

type      = 0 # LINEAR_VOX_TO_VOX
nxforms   = 1
mean      = 132.0000 133.0000 109.0000
sigma     = 10000.0000
1 4 4
9.909143447875977e-01 -6.450171023607254e-02 2.848053909838200e-02 3.190229415893555e+00 
3.702035918831825e-02 1.173965692520142e+00 3.052529096603394e-01 -6.704714202880859e+01 
-5.793514475226402e-02 -2.800202369689941e-01 1.020293951034546e+00 4.643620300292969e+01 
0.000000000000000e+00 0.000000000000000e+00 0.000000000000000e+00 1.000000000000000e+00 
src volume info
valid = 1  # volume info valid
filename = nu.mgz
volume = 256 256 256
voxelsize = 1.000000000000000e+00 1.000000000000000e+00 1.000000000000000e+00
xras   = -9.999999403953552e-01 1.164153218269348e-09 0.000000000000000e+00
yras   = 0.000000000000000e+00 0.000000000000000e+00 -9.999998807907104e-01
zras   = -5.122274160385132e-09 9.999998807907104e-01 3.725290298461914e-09
cras   = -3.560348510742188e+00 3.273672485351562e+01 1.504693603515625e+01
dst volume info
valid = 1  # volume info valid
filename = /usr/local/freesurfer/average/RB_all_withskull_2020_01_02.gca
volume = 256 256 256
voxelsize = 1.000000000000000e+00 1.000000000000000e+00 1.000000000000000e+00
xras   = -1.000000000000000e+00 0.000000000000000e+00 0.000000000000000e+00
yras   = 0.000000000000000e+00 0.000000000000000e+00 -1.000000000000000e+00
zras   = 0.000000000000000e+00 1.000000000000000e+00 0.000000000000000e+00
cras   = 0.000000000000000e+00 0.000000000000000e+00 0.000000000000000e+00
