type      = 1 # LINEAR_RAS_TO_RAS
nxforms   = 1
mean      = 0.0000 0.0000 0.0000
sigma     = 1.0000
1 4 4
1.033357024192810e+00 -5.559000000357628e-02 -4.850500077009201e-02 6.718719005584717e+00 
6.880699843168259e-02 9.637929797172546e-01 2.893539965152740e-01 -3.190556716918945e+01 
3.954499959945679e-02 -3.332790136337280e-01 1.096004009246826e+00 -3.486480951309204e+00 
0.000000000000000e+00 0.000000000000000e+00 0.000000000000000e+00 1.000000000000000e+00 
src volume info
valid = 1  # volume info valid
filename = /home/freesurfer/subjects/sub-001/mri/orig_nu.mgz
volume = 256 256 256
voxelsize = 1.000000000000000e+00 1.000000000000000e+00 1.000000000000000e+00
xras   = -9.999999403953552e-01 1.164153218269348e-09 0.000000000000000e+00
yras   = 0.000000000000000e+00 0.000000000000000e+00 -9.999998807907104e-01
zras   = -5.122274160385132e-09 9.999998807907104e-01 3.725290298461914e-09
cras   = -3.560348510742188e+00 3.273672485351562e+01 1.504693603515625e+01
dst volume info
valid = 1  # volume info valid
filename = /usr/local/freesurfer/average/mni305.cor.mgz
volume = 256 256 256
voxelsize = 1.000000000000000e+00 1.000000000000000e+00 1.000000000000000e+00
xras   = -1.000000000000000e+00 0.000000000000000e+00 0.000000000000000e+00
yras   = 0.000000000000000e+00 0.000000000000000e+00 -1.000000000000000e+00
zras   = 0.000000000000000e+00 1.000000000000000e+00 0.000000000000000e+00
cras   = 0.000000000000000e+00 0.000000000000000e+00 0.000000000000000e+00
subject fsaverage
fscale 0.100000
