# transform file transforms/talairach.lta
# created by root on Wed May 28 16:55:06 2025

type      = 0 # LINEAR_VOX_TO_VOX
nxforms   = 1
mean      = 130.0000 136.0000 107.0000
sigma     = 10000.0000
1 4 4
9.987748265266418e-01 -5.943804234266281e-02 4.936257004737854e-02 -6.162681579589844e-01 
2.516124583780766e-02 1.068252444267273e+00 2.841025292873383e-01 -5.167556381225586e+01 
-6.628838926553726e-02 -2.474588453769684e-01 9.442827701568604e-01 5.049908065795898e+01 
0.000000000000000e+00 0.000000000000000e+00 0.000000000000000e+00 1.000000000000000e+00 
src volume info
valid = 1  # volume info valid
filename = nu.mgz
volume = 256 256 256
voxelsize = 1.000000000000000e+00 1.000000000000000e+00 1.000000000000000e+00
xras   = -9.999999403953552e-01 1.164153218269348e-09 0.000000000000000e+00
yras   = 0.000000000000000e+00 0.000000000000000e+00 -9.999998807907104e-01
zras   = -5.122274160385132e-09 9.999998807907104e-01 3.725290298461914e-09
cras   = -3.560348510742188e+00 3.273672485351562e+01 1.504693603515625e+01
dst volume info
valid = 1  # volume info valid
filename = /usr/local/freesurfer/average/RB_all_2020-01-02.gca
volume = 256 256 256
voxelsize = 1.000000000000000e+00 1.000000000000000e+00 1.000000000000000e+00
xras   = -1.000000000000000e+00 0.000000000000000e+00 0.000000000000000e+00
yras   = 0.000000000000000e+00 0.000000000000000e+00 -1.000000000000000e+00
zras   = 0.000000000000000e+00 1.000000000000000e+00 0.000000000000000e+00
cras   = 0.000000000000000e+00 0.000000000000000e+00 0.000000000000000e+00
