# transform file /home/freesurfer/subjects/sub-009/mri/transforms/cc_up.lta
# created by root on Fri May 30 23:00:37 2025

type      = 0 # LINEAR_VOX_TO_VOX
nxforms   = 1
mean      = 130.0000 135.0000 107.0000
sigma     = 10000.0000
1 4 4
9.989407062530518e-01 -3.395137190818787e-02 3.106449358165264e-02 1.217089891433716e+00 
3.393496945500374e-02 9.994235634803772e-01 1.055290573276579e-03 7.592177391052246e+00 
-3.108241222798824e-02 -1.164153357047226e-10 9.995169639587402e-01 4.005408477783203e+01 
0.000000000000000e+00 0.000000000000000e+00 0.000000000000000e+00 1.000000000000000e+00 
src volume info
valid = 1  # volume info valid
filename = /home/freesurfer/subjects/sub-009/mri/norm.mgz
volume = 256 256 256
voxelsize = 1.000000000000000e+00 1.000000000000000e+00 1.000000000000000e+00
xras   = -9.999998807907104e-01 0.000000000000000e+00 0.000000000000000e+00
yras   = -9.313225746154785e-10 -7.450580596923828e-09 -9.999999403953552e-01
zras   = 2.910383045673370e-10 9.999999403953552e-01 -7.450580596923828e-09
cras   = 2.244216918945312e+00 2.621099853515625e+01 2.296882629394531e+00
dst volume info
valid = 1  # volume info valid
filename = /home/freesurfer/subjects/sub-009/mri/norm.mgz
volume = 256 256 256
voxelsize = 1.000000000000000e+00 1.000000000000000e+00 1.000000000000000e+00
xras   = -9.999998807907104e-01 0.000000000000000e+00 0.000000000000000e+00
yras   = -9.313225746154785e-10 -7.450580596923828e-09 -9.999999403953552e-01
zras   = 2.910383045673370e-10 9.999999403953552e-01 -7.450580596923828e-09
cras   = 2.244216918945312e+00 2.621099853515625e+01 2.296882629394531e+00
