# transform file transforms/talairach.lta
# created by root on Fri May 30 20:00:26 2025

type      = 0 # LINEAR_VOX_TO_VOX
nxforms   = 1
mean      = 129.0000 136.0000 107.0000
sigma     = 10000.0000
1 4 4
9.969914555549622e-01 -3.623870387673378e-02 4.936647042632103e-02 -2.873260974884033e+00 
2.510309964418411e-02 1.125586032867432e+00 2.454940974712372e-01 -5.533696746826172e+01 
-5.717097967863083e-02 -1.961756348609924e-01 9.942615628242493e-01 3.633196640014648e+01 
0.000000000000000e+00 0.000000000000000e+00 0.000000000000000e+00 1.000000000000000e+00 
src volume info
valid = 1  # volume info valid
filename = nu.mgz
volume = 256 256 256
voxelsize = 1.000000000000000e+00 1.000000000000000e+00 1.000000000000000e+00
xras   = -9.999998807907104e-01 0.000000000000000e+00 0.000000000000000e+00
yras   = -9.313225746154785e-10 -7.450580596923828e-09 -9.999999403953552e-01
zras   = 2.910383045673370e-10 9.999999403953552e-01 -7.450580596923828e-09
cras   = 2.244216918945312e+00 2.621099853515625e+01 2.296882629394531e+00
dst volume info
valid = 1  # volume info valid
filename = /usr/local/freesurfer/average/RB_all_2020-01-02.gca
volume = 256 256 256
voxelsize = 1.000000000000000e+00 1.000000000000000e+00 1.000000000000000e+00
xras   = -1.000000000000000e+00 0.000000000000000e+00 0.000000000000000e+00
yras   = 0.000000000000000e+00 0.000000000000000e+00 -1.000000000000000e+00
zras   = 0.000000000000000e+00 1.000000000000000e+00 0.000000000000000e+00
cras   = 0.000000000000000e+00 0.000000000000000e+00 0.000000000000000e+00
