type      = 1 # LINEAR_RAS_TO_RAS
nxforms   = 1
mean      = 0.0000 0.0000 0.0000
sigma     = 1.0000
1 4 4
1.024808049201965e+00 -2.592599950730801e-02 -3.533399850130081e-02 -6.165620088577271e-01 
5.063000135123730e-03 9.941319823265076e-01 2.599540054798126e-01 -2.338955688476562e+01 
1.798800006508827e-02 -2.806760072708130e-01 1.093379020690918e+00 8.059066772460938e+00 
0.000000000000000e+00 0.000000000000000e+00 0.000000000000000e+00 1.000000000000000e+00 
src volume info
valid = 1  # volume info valid
filename = /home/freesurfer/subjects/sub-009/mri/orig_nu.mgz
volume = 256 256 256
voxelsize = 1.000000000000000e+00 1.000000000000000e+00 1.000000000000000e+00
xras   = -9.999998807907104e-01 0.000000000000000e+00 0.000000000000000e+00
yras   = -9.313225746154785e-10 -7.450580596923828e-09 -9.999999403953552e-01
zras   = 2.910383045673370e-10 9.999999403953552e-01 -7.450580596923828e-09
cras   = 2.244216918945312e+00 2.621099853515625e+01 2.296882629394531e+00
dst volume info
valid = 1  # volume info valid
filename = /usr/local/freesurfer/average/mni305.cor.mgz
volume = 256 256 256
voxelsize = 1.000000000000000e+00 1.000000000000000e+00 1.000000000000000e+00
xras   = -1.000000000000000e+00 0.000000000000000e+00 0.000000000000000e+00
yras   = 0.000000000000000e+00 0.000000000000000e+00 -1.000000000000000e+00
zras   = 0.000000000000000e+00 1.000000000000000e+00 0.000000000000000e+00
cras   = 0.000000000000000e+00 0.000000000000000e+00 0.000000000000000e+00
subject fsaverage
fscale 0.100000
