# transform file transforms/talairach_with_skull.lta
# created by root on Fri May 30 19:49:16 2025

type      = 0 # LINEAR_VOX_TO_VOX
nxforms   = 1
mean      = 128.0000 132.0000 110.0000
sigma     = 10000.0000
1 4 4
1.010461330413818e+00 -1.338462810963392e-02 1.523221097886562e-02 -5.862371444702148e+00 
7.648727856576443e-03 1.232993841171265e+00 2.549797296524048e-01 -6.621561431884766e+01 
-1.673949509859085e-02 -2.427436262369156e-01 9.782705307006836e-01 3.771591186523438e+01 
0.000000000000000e+00 0.000000000000000e+00 0.000000000000000e+00 1.000000000000000e+00 
src volume info
valid = 1  # volume info valid
filename = nu.mgz
volume = 256 256 256
voxelsize = 1.000000000000000e+00 1.000000000000000e+00 1.000000000000000e+00
xras   = -9.999998807907104e-01 0.000000000000000e+00 0.000000000000000e+00
yras   = -9.313225746154785e-10 -7.450580596923828e-09 -9.999999403953552e-01
zras   = 2.910383045673370e-10 9.999999403953552e-01 -7.450580596923828e-09
cras   = 2.244216918945312e+00 2.621099853515625e+01 2.296882629394531e+00
dst volume info
valid = 1  # volume info valid
filename = /usr/local/freesurfer/average/RB_all_withskull_2020_01_02.gca
volume = 256 256 256
voxelsize = 1.000000000000000e+00 1.000000000000000e+00 1.000000000000000e+00
xras   = -1.000000000000000e+00 0.000000000000000e+00 0.000000000000000e+00
yras   = 0.000000000000000e+00 0.000000000000000e+00 -1.000000000000000e+00
zras   = 0.000000000000000e+00 1.000000000000000e+00 0.000000000000000e+00
cras   = 0.000000000000000e+00 0.000000000000000e+00 0.000000000000000e+00
