type      = 0 # LINEAR_VOX_TO_VOX
nxforms   = 1
mean      = 0.0000 0.0000 0.0000
sigma     = 1.0000
1 4 4
1.024807929992676e+00 -3.533399477601051e-02 2.592599764466286e-02 -2.893814086914062e+00 
1.798799820244312e-02 1.093378901481628e+00 2.806759774684906e-01 -5.343550109863281e+01 
-5.062999669462442e-03 -2.599539756774902e-01 9.941319227218628e-01 3.794936370849609e+01 
0.000000000000000e+00 0.000000000000000e+00 0.000000000000000e+00 1.000000000000000e+00 
src volume info
valid = 1  # volume info valid
filename = /home/freesurfer/subjects/sub-009/mri/orig.mgz
volume = 256 256 256
voxelsize = 1.000000000000000e+00 1.000000000000000e+00 1.000000000000000e+00
xras   = -9.999998807907104e-01 0.000000000000000e+00 0.000000000000000e+00
yras   = -9.313225746154785e-10 -7.450580596923828e-09 -9.999999403953552e-01
zras   = 2.910383045673370e-10 9.999999403953552e-01 -7.450580596923828e-09
cras   = 2.244216918945312e+00 2.621099853515625e+01 2.296882629394531e+00
dst volume info
valid = 1  # volume info valid
filename = /usr/local/freesurfer/average/mni305.cor.mgz
volume = 256 256 256
voxelsize = 1.000000000000000e+00 1.000000000000000e+00 1.000000000000000e+00
xras   = -1.000000000000000e+00 0.000000000000000e+00 0.000000000000000e+00
yras   = 0.000000000000000e+00 0.000000000000000e+00 -1.000000000000000e+00
zras   = 0.000000000000000e+00 1.000000000000000e+00 0.000000000000000e+00
cras   = 0.000000000000000e+00 0.000000000000000e+00 0.000000000000000e+00
subject fsaverage
fscale 0.100000
