# transform file /home/freesurfer/subjects/sub-039/mri/transforms/cc_up.lta
# created by root on Wed Jun  4 16:44:09 2025

type      = 0 # LINEAR_VOX_TO_VOX
nxforms   = 1
mean      = 131.0000 135.0000 104.0000
sigma     = 10000.0000
1 4 4
9.990425705909729e-01 -4.301838576793671e-02 7.956172339618206e-03 3.413499832153320e+00 
4.301702231168747e-02 9.990742802619934e-01 3.425788308959454e-04 6.528038501739502e+00 
-7.963544689118862e-03 0.000000000000000e+00 9.999682903289795e-01 4.103008651733398e+01 
0.000000000000000e+00 0.000000000000000e+00 0.000000000000000e+00 1.000000000000000e+00 
src volume info
valid = 1  # volume info valid
filename = /home/freesurfer/subjects/sub-039/mri/norm.mgz
volume = 256 256 256
voxelsize = 1.000000000000000e+00 1.000000000000000e+00 1.000000000000000e+00
xras   = -1.000000000000000e+00 1.164153218269348e-10 3.725290298461914e-09
yras   = 0.000000000000000e+00 -3.725290298461914e-09 -1.000000000000000e+00
zras   = 0.000000000000000e+00 1.000000000000000e+00 0.000000000000000e+00
cras   = 7.784545898437500e+00 2.767976379394531e+01 2.609617996215820e+01
dst volume info
valid = 1  # volume info valid
filename = /home/freesurfer/subjects/sub-039/mri/norm.mgz
volume = 256 256 256
voxelsize = 1.000000000000000e+00 1.000000000000000e+00 1.000000000000000e+00
xras   = -1.000000000000000e+00 1.164153218269348e-10 3.725290298461914e-09
yras   = 0.000000000000000e+00 -3.725290298461914e-09 -1.000000000000000e+00
zras   = 0.000000000000000e+00 1.000000000000000e+00 0.000000000000000e+00
cras   = 7.784545898437500e+00 2.767976379394531e+01 2.609617996215820e+01
