# transform file transforms/talairach_with_skull.lta
# created by root on Wed Jun  4 13:42:25 2025

type      = 0 # LINEAR_VOX_TO_VOX
nxforms   = 1
mean      = 133.0000 132.0000 109.0000
sigma     = 10000.0000
1 4 4
1.053100943565369e+00 -4.264167323708534e-02 2.435190789401531e-02 -7.376334190368652e+00 
3.279132023453712e-02 1.239517927169800e+00 2.020904123783112e-01 -6.628173828125000e+01 
-3.517084196209908e-02 -1.270793974399567e-01 9.569945931434631e-01 3.274334716796875e+01 
0.000000000000000e+00 0.000000000000000e+00 0.000000000000000e+00 1.000000000000000e+00 
src volume info
valid = 1  # volume info valid
filename = nu.mgz
volume = 256 256 256
voxelsize = 1.000000000000000e+00 1.000000000000000e+00 1.000000000000000e+00
xras   = -1.000000000000000e+00 1.164153218269348e-10 3.725290298461914e-09
yras   = 0.000000000000000e+00 -3.725290298461914e-09 -1.000000000000000e+00
zras   = 0.000000000000000e+00 1.000000000000000e+00 0.000000000000000e+00
cras   = 7.784545898437500e+00 2.767976379394531e+01 2.609617996215820e+01
dst volume info
valid = 1  # volume info valid
filename = /usr/local/freesurfer/average/RB_all_withskull_2020_01_02.gca
volume = 256 256 256
voxelsize = 1.000000000000000e+00 1.000000000000000e+00 1.000000000000000e+00
xras   = -1.000000000000000e+00 0.000000000000000e+00 0.000000000000000e+00
yras   = 0.000000000000000e+00 0.000000000000000e+00 -1.000000000000000e+00
zras   = 0.000000000000000e+00 1.000000000000000e+00 0.000000000000000e+00
cras   = 0.000000000000000e+00 0.000000000000000e+00 0.000000000000000e+00
