# transform file transforms/talairach.lta
# created by root on Wed Jun  4 13:51:05 2025

type      = 0 # LINEAR_VOX_TO_VOX
nxforms   = 1
mean      = 131.0000 137.0000 103.0000
sigma     = 10000.0000
1 4 4
1.067927360534668e+00 -8.275678008794785e-02 1.627374440431595e-02 -2.814439773559570e+00 
7.911929488182068e-02 1.066399812698364e+00 2.293349057435989e-01 -5.503420639038086e+01 
-3.409750387072563e-02 -1.965878307819366e-01 9.556809663772583e-01 4.143664550781250e+01 
0.000000000000000e+00 0.000000000000000e+00 0.000000000000000e+00 1.000000000000000e+00 
src volume info
valid = 1  # volume info valid
filename = nu.mgz
volume = 256 256 256
voxelsize = 1.000000000000000e+00 1.000000000000000e+00 1.000000000000000e+00
xras   = -1.000000000000000e+00 1.164153218269348e-10 3.725290298461914e-09
yras   = 0.000000000000000e+00 -3.725290298461914e-09 -1.000000000000000e+00
zras   = 0.000000000000000e+00 1.000000000000000e+00 0.000000000000000e+00
cras   = 7.784545898437500e+00 2.767976379394531e+01 2.609617996215820e+01
dst volume info
valid = 1  # volume info valid
filename = /usr/local/freesurfer/average/RB_all_2020-01-02.gca
volume = 256 256 256
voxelsize = 1.000000000000000e+00 1.000000000000000e+00 1.000000000000000e+00
xras   = -1.000000000000000e+00 0.000000000000000e+00 0.000000000000000e+00
yras   = 0.000000000000000e+00 0.000000000000000e+00 -1.000000000000000e+00
zras   = 0.000000000000000e+00 1.000000000000000e+00 0.000000000000000e+00
cras   = 0.000000000000000e+00 0.000000000000000e+00 0.000000000000000e+00
