# transform file /home/freesurfer/subjects/sub-007/mri/transforms/cc_up.lta
# created by root on Fri May 30 10:44:56 2025

type      = 0 # LINEAR_VOX_TO_VOX
nxforms   = 1
mean      = 128.0000 140.0000 114.0000
sigma     = 10000.0000
1 4 4
9.991713166236877e-01 -1.890062354505062e-02 -3.604529798030853e-02 5.705768585205078e+00 
1.888833567500114e-02 9.998213052749634e-01 -6.814003572799265e-04 6.658151745796204e-01 
3.605173900723457e-02 5.820765397457350e-11 9.993497729301453e-01 2.243647766113281e+01 
0.000000000000000e+00 0.000000000000000e+00 0.000000000000000e+00 1.000000000000000e+00 
src volume info
valid = 1  # volume info valid
filename = /home/freesurfer/subjects/sub-007/mri/norm.mgz
volume = 256 256 256
voxelsize = 1.000000000000000e+00 1.000000000000000e+00 1.000000000000000e+00
xras   = -1.000000000000000e+00 -2.328306436538696e-10 -9.313225746154785e-10
yras   = 0.000000000000000e+00 0.000000000000000e+00 -1.000000119209290e+00
zras   = 0.000000000000000e+00 1.000000000000000e+00 1.490116119384766e-08
cras   = -6.846740722656250e+00 3.335054779052734e+01 1.039059448242188e+01
dst volume info
valid = 1  # volume info valid
filename = /home/freesurfer/subjects/sub-007/mri/norm.mgz
volume = 256 256 256
voxelsize = 1.000000000000000e+00 1.000000000000000e+00 1.000000000000000e+00
xras   = -1.000000000000000e+00 -2.328306436538696e-10 -9.313225746154785e-10
yras   = 0.000000000000000e+00 0.000000000000000e+00 -1.000000119209290e+00
zras   = 0.000000000000000e+00 1.000000000000000e+00 1.490116119384766e-08
cras   = -6.846740722656250e+00 3.335054779052734e+01 1.039059448242188e+01
