# transform file transforms/talairach.lta
# created by root on Fri May 30 07:36:22 2025

type      = 0 # LINEAR_VOX_TO_VOX
nxforms   = 1
mean      = 128.0000 140.0000 114.0000
sigma     = 10000.0000
1 4 4
1.074128389358521e+00 -4.742566496133804e-02 -5.313753336668015e-02 7.179165482521057e-01 
7.789990305900574e-02 1.008328795433044e+00 4.268145859241486e-01 -7.342656707763672e+01 
2.371578849852085e-02 -4.253442287445068e-01 8.515055775642395e-01 7.016987609863281e+01 
0.000000000000000e+00 0.000000000000000e+00 0.000000000000000e+00 1.000000000000000e+00 
src volume info
valid = 1  # volume info valid
filename = nu.mgz
volume = 256 256 256
voxelsize = 1.000000000000000e+00 1.000000000000000e+00 1.000000000000000e+00
xras   = -1.000000000000000e+00 -2.328306436538696e-10 -9.313225746154785e-10
yras   = 0.000000000000000e+00 0.000000000000000e+00 -1.000000119209290e+00
zras   = 0.000000000000000e+00 1.000000000000000e+00 1.490116119384766e-08
cras   = -6.846740722656250e+00 3.335054779052734e+01 1.039059448242188e+01
dst volume info
valid = 1  # volume info valid
filename = /usr/local/freesurfer/average/RB_all_2020-01-02.gca
volume = 256 256 256
voxelsize = 1.000000000000000e+00 1.000000000000000e+00 1.000000000000000e+00
xras   = -1.000000000000000e+00 0.000000000000000e+00 0.000000000000000e+00
yras   = 0.000000000000000e+00 0.000000000000000e+00 -1.000000000000000e+00
zras   = 0.000000000000000e+00 1.000000000000000e+00 0.000000000000000e+00
cras   = 0.000000000000000e+00 0.000000000000000e+00 0.000000000000000e+00
