# transform file /home/freesurfer/subjects/sub-043/mri/transforms/cc_up.lta
# created by root on Tue Jun  3 09:32:25 2025

type      = 0 # LINEAR_VOX_TO_VOX
nxforms   = 1
mean      = 130.0000 140.0000 108.0000
sigma     = 10000.0000
1 4 4
9.982080459594727e-01 -2.632739953696728e-02 -5.373894423246384e-02 6.968122482299805e+00 
2.628933079540730e-02 9.996534585952759e-01 -1.415297039784491e-03 4.770830631256104e+00 
5.375757440924644e-02 0.000000000000000e+00 9.985541105270386e-01 2.417133903503418e+01 
0.000000000000000e+00 0.000000000000000e+00 0.000000000000000e+00 1.000000000000000e+00 
src volume info
valid = 1  # volume info valid
filename = /home/freesurfer/subjects/sub-043/mri/norm.mgz
volume = 256 256 256
voxelsize = 1.000000000000000e+00 1.000000000000000e+00 1.000000000000000e+00
xras   = -9.999999403953552e-01 0.000000000000000e+00 -1.862645149230957e-09
yras   = 0.000000000000000e+00 0.000000000000000e+00 -1.000000000000000e+00
zras   = -6.984919309616089e-10 9.999999403953552e-01 0.000000000000000e+00
cras   = 6.203880310058594e+00 2.499237060546875e+01 1.858830261230469e+01
dst volume info
valid = 1  # volume info valid
filename = /home/freesurfer/subjects/sub-043/mri/norm.mgz
volume = 256 256 256
voxelsize = 1.000000000000000e+00 1.000000000000000e+00 1.000000000000000e+00
xras   = -9.999999403953552e-01 0.000000000000000e+00 -1.862645149230957e-09
yras   = 0.000000000000000e+00 0.000000000000000e+00 -1.000000000000000e+00
zras   = -6.984919309616089e-10 9.999999403953552e-01 0.000000000000000e+00
cras   = 6.203880310058594e+00 2.499237060546875e+01 1.858830261230469e+01
