# transform file transforms/talairach.lta
# created by root on Tue Jun  3 06:31:18 2025

type      = 0 # LINEAR_VOX_TO_VOX
nxforms   = 1
mean      = 130.0000 141.0000 108.0000
sigma     = 10000.0000
1 4 4
1.071634054183960e+00 -3.192026540637016e-02 -2.740062773227692e-02 -6.580604553222656e+00 
3.098673000931740e-02 1.038963437080383e+00 3.301764130592346e-01 -6.132005310058594e+01 
1.831590943038464e-02 -3.148430287837982e-01 9.038098454475403e-01 5.117683792114258e+01 
0.000000000000000e+00 0.000000000000000e+00 0.000000000000000e+00 1.000000000000000e+00 
src volume info
valid = 1  # volume info valid
filename = nu.mgz
volume = 256 256 256
voxelsize = 1.000000000000000e+00 1.000000000000000e+00 1.000000000000000e+00
xras   = -9.999999403953552e-01 0.000000000000000e+00 -1.862645149230957e-09
yras   = 0.000000000000000e+00 0.000000000000000e+00 -1.000000000000000e+00
zras   = -6.984919309616089e-10 9.999999403953552e-01 0.000000000000000e+00
cras   = 6.203880310058594e+00 2.499237060546875e+01 1.858830261230469e+01
dst volume info
valid = 1  # volume info valid
filename = /usr/local/freesurfer/average/RB_all_2020-01-02.gca
volume = 256 256 256
voxelsize = 1.000000000000000e+00 1.000000000000000e+00 1.000000000000000e+00
xras   = -1.000000000000000e+00 0.000000000000000e+00 0.000000000000000e+00
yras   = 0.000000000000000e+00 0.000000000000000e+00 -1.000000000000000e+00
zras   = 0.000000000000000e+00 1.000000000000000e+00 0.000000000000000e+00
cras   = 0.000000000000000e+00 0.000000000000000e+00 0.000000000000000e+00
