# transform file transforms/talairach_with_skull.lta
# created by root on Tue Jun  3 06:20:38 2025

type      = 0 # LINEAR_VOX_TO_VOX
nxforms   = 1
mean      = 131.0000 140.0000 113.0000
sigma     = 10000.0000
1 4 4
1.038918733596802e+00 1.240259315818548e-02 -3.015161305665970e-02 -8.211349487304688e+00 
2.540423069149256e-03 1.228738665580750e+00 3.642423152923584e-01 -8.253621673583984e+01 
3.183503821492195e-02 -3.125366866588593e-01 1.019989728927612e+00 3.569085311889648e+01 
0.000000000000000e+00 0.000000000000000e+00 0.000000000000000e+00 1.000000000000000e+00 
src volume info
valid = 1  # volume info valid
filename = nu.mgz
volume = 256 256 256
voxelsize = 1.000000000000000e+00 1.000000000000000e+00 1.000000000000000e+00
xras   = -9.999999403953552e-01 0.000000000000000e+00 -1.862645149230957e-09
yras   = 0.000000000000000e+00 0.000000000000000e+00 -1.000000000000000e+00
zras   = -6.984919309616089e-10 9.999999403953552e-01 0.000000000000000e+00
cras   = 6.203880310058594e+00 2.499237060546875e+01 1.858830261230469e+01
dst volume info
valid = 1  # volume info valid
filename = /usr/local/freesurfer/average/RB_all_withskull_2020_01_02.gca
volume = 256 256 256
voxelsize = 1.000000000000000e+00 1.000000000000000e+00 1.000000000000000e+00
xras   = -1.000000000000000e+00 0.000000000000000e+00 0.000000000000000e+00
yras   = 0.000000000000000e+00 0.000000000000000e+00 -1.000000000000000e+00
zras   = 0.000000000000000e+00 1.000000000000000e+00 0.000000000000000e+00
cras   = 0.000000000000000e+00 0.000000000000000e+00 0.000000000000000e+00
