# transform file /home/freesurfer/subjects/sub-030/mri/transforms/cc_up.lta
# created by root on Sat May 31 04:04:07 2025

type      = 0 # LINEAR_VOX_TO_VOX
nxforms   = 1
mean      = 130.0000 144.0000 116.0000
sigma     = 10000.0000
1 4 4
9.968268871307373e-01 7.344406098127365e-02 3.069511987268925e-02 -1.424748992919922e+01 
-7.340926676988602e-02 9.972993135452271e-01 -2.260478911921382e-03 7.120769977569580e+00 
-3.077824227511883e-02 0.000000000000000e+00 9.995262622833252e-01 3.304807662963867e+01 
0.000000000000000e+00 0.000000000000000e+00 0.000000000000000e+00 1.000000000000000e+00 
src volume info
valid = 1  # volume info valid
filename = /home/freesurfer/subjects/sub-030/mri/norm.mgz
volume = 256 256 256
voxelsize = 1.000000000000000e+00 1.000000000000000e+00 1.000000000000000e+00
xras   = -1.000000000000000e+00 -9.313225746154785e-10 0.000000000000000e+00
yras   = 7.450580596923828e-09 0.000000000000000e+00 -1.000000119209290e+00
zras   = 9.313225746154785e-10 1.000000000000000e+00 0.000000000000000e+00
cras   = 5.768356323242188e+00 2.240039825439453e+01 9.252166748046875e-02
dst volume info
valid = 1  # volume info valid
filename = /home/freesurfer/subjects/sub-030/mri/norm.mgz
volume = 256 256 256
voxelsize = 1.000000000000000e+00 1.000000000000000e+00 1.000000000000000e+00
xras   = -1.000000000000000e+00 -9.313225746154785e-10 0.000000000000000e+00
yras   = 7.450580596923828e-09 0.000000000000000e+00 -1.000000119209290e+00
zras   = 9.313225746154785e-10 1.000000000000000e+00 0.000000000000000e+00
cras   = 5.768356323242188e+00 2.240039825439453e+01 9.252166748046875e-02
