type      = 1 # LINEAR_RAS_TO_RAS
nxforms   = 1
mean      = 0.0000 0.0000 0.0000
sigma     = 1.0000
1 4 4
1.099526047706604e+00 -4.709900170564651e-02 4.237699881196022e-02 -3.369843006134033e+00 
-1.560899987816811e-02 9.437230229377747e-01 3.045800030231476e-01 -2.386214065551758e+01 
-6.424099951982498e-02 -3.019199967384338e-01 1.085711956024170e+00 2.159533691406250e+01 
0.000000000000000e+00 0.000000000000000e+00 0.000000000000000e+00 1.000000000000000e+00 
src volume info
valid = 1  # volume info valid
filename = /home/freesurfer/subjects/sub-030/mri/orig_nu.mgz
volume = 256 256 256
voxelsize = 1.000000000000000e+00 1.000000000000000e+00 1.000000000000000e+00
xras   = -1.000000000000000e+00 -9.313225746154785e-10 0.000000000000000e+00
yras   = 7.450580596923828e-09 0.000000000000000e+00 -1.000000119209290e+00
zras   = 9.313225746154785e-10 1.000000000000000e+00 0.000000000000000e+00
cras   = 5.768356323242188e+00 2.240039825439453e+01 9.252166748046875e-02
dst volume info
valid = 1  # volume info valid
filename = /usr/local/freesurfer/average/mni305.cor.mgz
volume = 256 256 256
voxelsize = 1.000000000000000e+00 1.000000000000000e+00 1.000000000000000e+00
xras   = -1.000000000000000e+00 0.000000000000000e+00 0.000000000000000e+00
yras   = 0.000000000000000e+00 0.000000000000000e+00 -1.000000000000000e+00
zras   = 0.000000000000000e+00 1.000000000000000e+00 0.000000000000000e+00
cras   = 0.000000000000000e+00 0.000000000000000e+00 0.000000000000000e+00
subject fsaverage
fscale 0.100000
