# transform file transforms/talairach_with_skull.lta
# created by root on Sat May 31 00:43:00 2025

type      = 0 # LINEAR_VOX_TO_VOX
nxforms   = 1
mean      = 129.0000 143.0000 119.0000
sigma     = 10000.0000
1 4 4
1.058219075202942e+00 5.834477767348289e-02 4.155730828642845e-02 -2.441150474548340e+01 
-5.578952655196190e-02 1.210527539253235e+00 2.300159484148026e-01 -6.670013427734375e+01 
-2.744505554437637e-02 -1.917077302932739e-01 9.641179442405701e-01 2.658250236511230e+01 
0.000000000000000e+00 0.000000000000000e+00 0.000000000000000e+00 1.000000000000000e+00 
src volume info
valid = 1  # volume info valid
filename = nu.mgz
volume = 256 256 256
voxelsize = 1.000000000000000e+00 1.000000000000000e+00 1.000000000000000e+00
xras   = -1.000000000000000e+00 -9.313225746154785e-10 0.000000000000000e+00
yras   = 7.450580596923828e-09 0.000000000000000e+00 -1.000000119209290e+00
zras   = 9.313225746154785e-10 1.000000000000000e+00 0.000000000000000e+00
cras   = 5.768356323242188e+00 2.240039825439453e+01 9.252166748046875e-02
dst volume info
valid = 1  # volume info valid
filename = /usr/local/freesurfer/average/RB_all_withskull_2020_01_02.gca
volume = 256 256 256
voxelsize = 1.000000000000000e+00 1.000000000000000e+00 1.000000000000000e+00
xras   = -1.000000000000000e+00 0.000000000000000e+00 0.000000000000000e+00
yras   = 0.000000000000000e+00 0.000000000000000e+00 -1.000000000000000e+00
zras   = 0.000000000000000e+00 1.000000000000000e+00 0.000000000000000e+00
cras   = 0.000000000000000e+00 0.000000000000000e+00 0.000000000000000e+00
