# transform file /home/freesurfer/subjects/sub-029/mri/transforms/cc_up.lta
# created by root on Fri May 30 22:21:30 2025

type      = 0 # LINEAR_VOX_TO_VOX
nxforms   = 1
mean      = 128.0000 141.0000 110.0000
sigma     = 10000.0000
1 4 4
9.966173768043518e-01 6.888563279062510e-03 8.189246803522110e-02 -9.997823715209961e+00 
-6.865424104034901e-03 9.999763369560242e-01 -5.641347961500287e-04 6.947728633880615e+00 
-8.189441263675690e-02 0.000000000000000e+00 9.966409802436829e-01 3.993688583374023e+01 
0.000000000000000e+00 0.000000000000000e+00 0.000000000000000e+00 1.000000000000000e+00 
src volume info
valid = 1  # volume info valid
filename = /home/freesurfer/subjects/sub-029/mri/norm.mgz
volume = 256 256 256
voxelsize = 1.000000000000000e+00 1.000000000000000e+00 1.000000000000000e+00
xras   = -1.000000119209290e+00 -1.455191522836685e-11 0.000000000000000e+00
yras   = 0.000000000000000e+00 0.000000000000000e+00 -1.000000119209290e+00
zras   = 0.000000000000000e+00 1.000000119209290e+00 -1.490116119384766e-08
cras   = 3.383041381835938e+00 1.434840393066406e+01 5.631134414672852e+01
dst volume info
valid = 1  # volume info valid
filename = /home/freesurfer/subjects/sub-029/mri/norm.mgz
volume = 256 256 256
voxelsize = 1.000000000000000e+00 1.000000000000000e+00 1.000000000000000e+00
xras   = -1.000000119209290e+00 -1.455191522836685e-11 0.000000000000000e+00
yras   = 0.000000000000000e+00 0.000000000000000e+00 -1.000000119209290e+00
zras   = 0.000000000000000e+00 1.000000119209290e+00 -1.490116119384766e-08
cras   = 3.383041381835938e+00 1.434840393066406e+01 5.631134414672852e+01
