# transform file /home/freesurfer/subjects/sub-020/mri/transforms/cc_up.lta
# created by root on Sat May 31 03:27:44 2025

type      = 0 # LINEAR_VOX_TO_VOX
nxforms   = 1
mean      = 133.0000 141.0000 104.0000
sigma     = 10000.0000
1 4 4
9.914635419845581e-01 8.819082379341125e-02 9.603267908096313e-02 -2.500856590270996e+01 
-8.778001368045807e-02 9.961035251617432e-01 -8.502329699695110e-03 2.107734107971191e+01 
-9.640832245349884e-02 0.000000000000000e+00 9.953417778015137e-01 4.740933609008789e+01 
0.000000000000000e+00 0.000000000000000e+00 0.000000000000000e+00 1.000000000000000e+00 
src volume info
valid = 1  # volume info valid
filename = /home/freesurfer/subjects/sub-020/mri/norm.mgz
volume = 256 256 256
voxelsize = 1.000000000000000e+00 1.000000000000000e+00 1.000000000000000e+00
xras   = -1.000000000000000e+00 -1.862645149230957e-09 7.450580596923828e-09
yras   = -7.450580596923828e-09 -1.490116119384766e-08 -1.000000000000000e+00
zras   = 1.862645149230957e-09 1.000000000000000e+00 0.000000000000000e+00
cras   = 3.311622619628906e+00 2.050337219238281e+01 3.398175048828125e+01
dst volume info
valid = 1  # volume info valid
filename = /home/freesurfer/subjects/sub-020/mri/norm.mgz
volume = 256 256 256
voxelsize = 1.000000000000000e+00 1.000000000000000e+00 1.000000000000000e+00
xras   = -1.000000000000000e+00 -1.862645149230957e-09 7.450580596923828e-09
yras   = -7.450580596923828e-09 -1.490116119384766e-08 -1.000000000000000e+00
zras   = 1.862645149230957e-09 1.000000000000000e+00 0.000000000000000e+00
cras   = 3.311622619628906e+00 2.050337219238281e+01 3.398175048828125e+01
