# transform file transforms/talairach_with_skull.lta
# created by root on Sat May 31 00:15:45 2025

type      = 0 # LINEAR_VOX_TO_VOX
nxforms   = 1
mean      = 127.0000 141.0000 110.0000
sigma     = 10000.0000
1 4 4
1.038170218467712e+00 9.751205146312714e-02 1.224164143204689e-01 -3.854106140136719e+01 
-1.652217507362366e-01 1.248863816261292e+00 4.002147018909454e-01 -6.448503112792969e+01 
-9.773843735456467e-02 -2.829462587833405e-01 1.056097388267517e+00 5.307568359375000e+01 
0.000000000000000e+00 0.000000000000000e+00 0.000000000000000e+00 1.000000000000000e+00 
src volume info
valid = 1  # volume info valid
filename = nu.mgz
volume = 256 256 256
voxelsize = 1.000000000000000e+00 1.000000000000000e+00 1.000000000000000e+00
xras   = -1.000000000000000e+00 -1.862645149230957e-09 7.450580596923828e-09
yras   = -7.450580596923828e-09 -1.490116119384766e-08 -1.000000000000000e+00
zras   = 1.862645149230957e-09 1.000000000000000e+00 0.000000000000000e+00
cras   = 3.311622619628906e+00 2.050337219238281e+01 3.398175048828125e+01
dst volume info
valid = 1  # volume info valid
filename = /usr/local/freesurfer/average/RB_all_withskull_2020_01_02.gca
volume = 256 256 256
voxelsize = 1.000000000000000e+00 1.000000000000000e+00 1.000000000000000e+00
xras   = -1.000000000000000e+00 0.000000000000000e+00 0.000000000000000e+00
yras   = 0.000000000000000e+00 0.000000000000000e+00 -1.000000000000000e+00
zras   = 0.000000000000000e+00 1.000000000000000e+00 0.000000000000000e+00
cras   = 0.000000000000000e+00 0.000000000000000e+00 0.000000000000000e+00
