# transform file transforms/talairach.lta
# created by root on Sat May 31 00:24:27 2025

type      = 0 # LINEAR_VOX_TO_VOX
nxforms   = 1
mean      = 133.0000 142.0000 104.0000
sigma     = 10000.0000
1 4 4
1.052342295646667e+00 8.085075020790100e-02 9.097778797149658e-02 -3.234013366699219e+01 
-1.615266650915146e-01 1.135845780372620e+00 3.851842880249023e-01 -4.916295623779297e+01 
-5.467325448989868e-02 -3.368327319622040e-01 9.698552489280701e-01 6.553466033935547e+01 
0.000000000000000e+00 0.000000000000000e+00 0.000000000000000e+00 1.000000000000000e+00 
src volume info
valid = 1  # volume info valid
filename = nu.mgz
volume = 256 256 256
voxelsize = 1.000000000000000e+00 1.000000000000000e+00 1.000000000000000e+00
xras   = -1.000000000000000e+00 -1.862645149230957e-09 7.450580596923828e-09
yras   = -7.450580596923828e-09 -1.490116119384766e-08 -1.000000000000000e+00
zras   = 1.862645149230957e-09 1.000000000000000e+00 0.000000000000000e+00
cras   = 3.311622619628906e+00 2.050337219238281e+01 3.398175048828125e+01
dst volume info
valid = 1  # volume info valid
filename = /usr/local/freesurfer/average/RB_all_2020-01-02.gca
volume = 256 256 256
voxelsize = 1.000000000000000e+00 1.000000000000000e+00 1.000000000000000e+00
xras   = -1.000000000000000e+00 0.000000000000000e+00 0.000000000000000e+00
yras   = 0.000000000000000e+00 0.000000000000000e+00 -1.000000000000000e+00
zras   = 0.000000000000000e+00 1.000000000000000e+00 0.000000000000000e+00
cras   = 0.000000000000000e+00 0.000000000000000e+00 0.000000000000000e+00
