# transform file /home/freesurfer/subjects/sub-024/mri/transforms/cc_up.lta
# created by root on Thu May 29 16:22:03 2025

type      = 0 # LINEAR_VOX_TO_VOX
nxforms   = 1
mean      = 132.0000 133.0000 107.0000
sigma     = 10000.0000
1 4 4
9.992732405662537e-01 -6.084499880671501e-03 3.763134032487869e-02 -6.010798454284668e+00 
6.080190185457468e-03 9.999815821647644e-01 2.289721014676616e-04 1.918259429931641e+01 
-3.763203695416451e-02 0.000000000000000e+00 9.992917180061340e-01 3.300062561035156e+01 
0.000000000000000e+00 0.000000000000000e+00 0.000000000000000e+00 1.000000000000000e+00 
src volume info
valid = 1  # volume info valid
filename = /home/freesurfer/subjects/sub-024/mri/norm.mgz
volume = 256 256 256
voxelsize = 1.000000000000000e+00 1.000000000000000e+00 1.000000000000000e+00
xras   = -9.999999403953552e-01 -1.396983861923218e-09 0.000000000000000e+00
yras   = 0.000000000000000e+00 0.000000000000000e+00 -9.999999403953552e-01
zras   = -4.656612873077393e-10 9.999999403953552e-01 0.000000000000000e+00
cras   = 1.222964477539062e+01 2.154293060302734e+01 3.216954803466797e+01
dst volume info
valid = 1  # volume info valid
filename = /home/freesurfer/subjects/sub-024/mri/norm.mgz
volume = 256 256 256
voxelsize = 1.000000000000000e+00 1.000000000000000e+00 1.000000000000000e+00
xras   = -9.999999403953552e-01 -1.396983861923218e-09 0.000000000000000e+00
yras   = 0.000000000000000e+00 0.000000000000000e+00 -9.999999403953552e-01
zras   = -4.656612873077393e-10 9.999999403953552e-01 0.000000000000000e+00
cras   = 1.222964477539062e+01 2.154293060302734e+01 3.216954803466797e+01
