# transform file transforms/talairach.lta
# created by root on Thu May 29 13:12:04 2025

type      = 0 # LINEAR_VOX_TO_VOX
nxforms   = 1
mean      = 132.0000 134.0000 107.0000
sigma     = 10000.0000
1 4 4
1.121674895286560e+00 3.775234892964363e-02 7.831107079982758e-02 -3.358436584472656e+01 
-4.236155375838280e-02 1.141180396080017e+00 1.084171757102013e-01 -2.831859397888184e+01 
-8.745099604129791e-02 -1.373240649700165e-01 1.044842123985291e+00 2.897014045715332e+01 
0.000000000000000e+00 0.000000000000000e+00 0.000000000000000e+00 1.000000000000000e+00 
src volume info
valid = 1  # volume info valid
filename = nu.mgz
volume = 256 256 256
voxelsize = 1.000000000000000e+00 1.000000000000000e+00 1.000000000000000e+00
xras   = -9.999999403953552e-01 -1.396983861923218e-09 0.000000000000000e+00
yras   = 0.000000000000000e+00 0.000000000000000e+00 -9.999999403953552e-01
zras   = -4.656612873077393e-10 9.999999403953552e-01 0.000000000000000e+00
cras   = 1.222964477539062e+01 2.154293060302734e+01 3.216954803466797e+01
dst volume info
valid = 1  # volume info valid
filename = /usr/local/freesurfer/average/RB_all_2020-01-02.gca
volume = 256 256 256
voxelsize = 1.000000000000000e+00 1.000000000000000e+00 1.000000000000000e+00
xras   = -1.000000000000000e+00 0.000000000000000e+00 0.000000000000000e+00
yras   = 0.000000000000000e+00 0.000000000000000e+00 -1.000000000000000e+00
zras   = 0.000000000000000e+00 1.000000000000000e+00 0.000000000000000e+00
cras   = 0.000000000000000e+00 0.000000000000000e+00 0.000000000000000e+00
