# transform file transforms/talairach_with_skull.lta
# created by root on Thu May 29 13:01:53 2025

type      = 0 # LINEAR_VOX_TO_VOX
nxforms   = 1
mean      = 135.0000 133.0000 109.0000
sigma     = 10000.0000
1 4 4
1.106902480125427e+00 2.110396884381771e-02 6.312917917966843e-02 -2.848918151855469e+01 
-1.976518146693707e-02 1.266010522842407e+00 1.247935369610786e-01 -4.870942306518555e+01 
-6.836517900228500e-02 -8.323889970779419e-02 1.052467942237854e+00 1.702780532836914e+01 
0.000000000000000e+00 0.000000000000000e+00 0.000000000000000e+00 1.000000000000000e+00 
src volume info
valid = 1  # volume info valid
filename = nu.mgz
volume = 256 256 256
voxelsize = 1.000000000000000e+00 1.000000000000000e+00 1.000000000000000e+00
xras   = -9.999999403953552e-01 -1.396983861923218e-09 0.000000000000000e+00
yras   = 0.000000000000000e+00 0.000000000000000e+00 -9.999999403953552e-01
zras   = -4.656612873077393e-10 9.999999403953552e-01 0.000000000000000e+00
cras   = 1.222964477539062e+01 2.154293060302734e+01 3.216954803466797e+01
dst volume info
valid = 1  # volume info valid
filename = /usr/local/freesurfer/average/RB_all_withskull_2020_01_02.gca
volume = 256 256 256
voxelsize = 1.000000000000000e+00 1.000000000000000e+00 1.000000000000000e+00
xras   = -1.000000000000000e+00 0.000000000000000e+00 0.000000000000000e+00
yras   = 0.000000000000000e+00 0.000000000000000e+00 -1.000000000000000e+00
zras   = 0.000000000000000e+00 1.000000000000000e+00 0.000000000000000e+00
cras   = 0.000000000000000e+00 0.000000000000000e+00 0.000000000000000e+00
