# transform file /home/freesurfer/subjects/sub-005/mri/transforms/cc_up.lta
# created by root on Thu May 29 22:35:40 2025

type      = 0 # LINEAR_VOX_TO_VOX
nxforms   = 1
mean      = 125.0000 133.0000 98.0000
sigma     = 10000.0000
1 4 4
9.970036745071411e-01 4.539573192596436e-02 -6.263290345668793e-02 2.228854656219482e+00 
-4.530642181634903e-02 9.989690780639648e-01 2.846200717613101e-03 1.664006423950195e+01 
6.269754469394684e-02 2.328306436538696e-10 9.980325698852539e-01 2.918249511718750e+01 
0.000000000000000e+00 0.000000000000000e+00 0.000000000000000e+00 1.000000000000000e+00 
src volume info
valid = 1  # volume info valid
filename = /home/freesurfer/subjects/sub-005/mri/norm.mgz
volume = 256 256 256
voxelsize = 1.000000000000000e+00 1.000000000000000e+00 1.000000000000000e+00
xras   = -1.000000000000000e+00 -1.018634065985680e-09 0.000000000000000e+00
yras   = -9.313225746154785e-10 7.450580596923828e-09 -1.000000000000000e+00
zras   = 9.022187441587448e-10 1.000000119209290e+00 0.000000000000000e+00
cras   = -4.958999633789062e+00 3.276496887207031e+01 4.735350799560547e+01
dst volume info
valid = 1  # volume info valid
filename = /home/freesurfer/subjects/sub-005/mri/norm.mgz
volume = 256 256 256
voxelsize = 1.000000000000000e+00 1.000000000000000e+00 1.000000000000000e+00
xras   = -1.000000000000000e+00 -1.018634065985680e-09 0.000000000000000e+00
yras   = -9.313225746154785e-10 7.450580596923828e-09 -1.000000000000000e+00
zras   = 9.022187441587448e-10 1.000000119209290e+00 0.000000000000000e+00
cras   = -4.958999633789062e+00 3.276496887207031e+01 4.735350799560547e+01
