# transform file transforms/talairach.lta
# created by root on Thu May 29 19:27:14 2025

type      = 0 # LINEAR_VOX_TO_VOX
nxforms   = 1
mean      = 125.0000 133.0000 98.0000
sigma     = 10000.0000
1 4 4
1.059762358665466e+00 4.730482771992683e-02 -6.520791351795197e-02 -8.581274032592773e+00 
-5.605098605155945e-02 1.085543274879456e+00 3.942573815584183e-02 -2.155058097839355e+01 
7.731962949037552e-02 -3.477475419640541e-02 1.071613192558289e+00 -1.111010074615479e+00 
0.000000000000000e+00 0.000000000000000e+00 0.000000000000000e+00 1.000000000000000e+00 
src volume info
valid = 1  # volume info valid
filename = nu.mgz
volume = 256 256 256
voxelsize = 1.000000000000000e+00 1.000000000000000e+00 1.000000000000000e+00
xras   = -1.000000000000000e+00 -1.018634065985680e-09 0.000000000000000e+00
yras   = -9.313225746154785e-10 7.450580596923828e-09 -1.000000000000000e+00
zras   = 9.022187441587448e-10 1.000000119209290e+00 0.000000000000000e+00
cras   = -4.958999633789062e+00 3.276496887207031e+01 4.735350799560547e+01
dst volume info
valid = 1  # volume info valid
filename = /usr/local/freesurfer/average/RB_all_2020-01-02.gca
volume = 256 256 256
voxelsize = 1.000000000000000e+00 1.000000000000000e+00 1.000000000000000e+00
xras   = -1.000000000000000e+00 0.000000000000000e+00 0.000000000000000e+00
yras   = 0.000000000000000e+00 0.000000000000000e+00 -1.000000000000000e+00
zras   = 0.000000000000000e+00 1.000000000000000e+00 0.000000000000000e+00
cras   = 0.000000000000000e+00 0.000000000000000e+00 0.000000000000000e+00
