type      = 0 # LINEAR_VOX_TO_VOX
nxforms   = 1
mean      = 0.0000 0.0000 0.0000
sigma     = 1.0000
1 4 4
1.137153983116150e+00 4.035700112581253e-02 -7.398800551891327e-02 -1.473242187500000e+01 
-5.714999884366989e-02 1.081256985664368e+00 6.977900862693787e-02 -2.346270751953125e+01 
2.758599817752838e-02 -1.576489806175232e-01 1.097161173820496e+00 1.921402740478516e+01 
0.000000000000000e+00 0.000000000000000e+00 0.000000000000000e+00 1.000000000000000e+00 
src volume info
valid = 1  # volume info valid
filename = /home/freesurfer/subjects/sub-005/mri/orig.mgz
volume = 256 256 256
voxelsize = 1.000000000000000e+00 1.000000000000000e+00 1.000000000000000e+00
xras   = -1.000000000000000e+00 -1.018634065985680e-09 0.000000000000000e+00
yras   = -9.313225746154785e-10 7.450580596923828e-09 -1.000000000000000e+00
zras   = 9.022187441587448e-10 1.000000119209290e+00 0.000000000000000e+00
cras   = -4.958999633789062e+00 3.276496887207031e+01 4.735350799560547e+01
dst volume info
valid = 1  # volume info valid
filename = /usr/local/freesurfer/average/mni305.cor.mgz
volume = 256 256 256
voxelsize = 1.000000000000000e+00 1.000000000000000e+00 1.000000000000000e+00
xras   = -1.000000000000000e+00 0.000000000000000e+00 0.000000000000000e+00
yras   = 0.000000000000000e+00 0.000000000000000e+00 -1.000000000000000e+00
zras   = 0.000000000000000e+00 1.000000000000000e+00 0.000000000000000e+00
cras   = 0.000000000000000e+00 0.000000000000000e+00 0.000000000000000e+00
subject fsaverage
fscale 0.100000
