# transform file transforms/talairach_with_skull.lta
# created by root on Thu May 29 19:16:51 2025

type      = 0 # LINEAR_VOX_TO_VOX
nxforms   = 1
mean      = 124.0000 133.0000 102.0000
sigma     = 10000.0000
1 4 4
1.029770135879517e+00 9.319242835044861e-02 -4.688062518835068e-02 -1.329351615905762e+01 
-9.759902209043503e-02 1.120964527130127e+00 3.507800772786140e-02 -2.252190780639648e+01 
2.564669214189053e-02 -2.932003512978554e-02 1.099035859107971e+00 2.367178916931152e+00 
0.000000000000000e+00 0.000000000000000e+00 0.000000000000000e+00 1.000000000000000e+00 
src volume info
valid = 1  # volume info valid
filename = nu.mgz
volume = 256 256 256
voxelsize = 1.000000000000000e+00 1.000000000000000e+00 1.000000000000000e+00
xras   = -1.000000000000000e+00 -1.018634065985680e-09 0.000000000000000e+00
yras   = -9.313225746154785e-10 7.450580596923828e-09 -1.000000000000000e+00
zras   = 9.022187441587448e-10 1.000000119209290e+00 0.000000000000000e+00
cras   = -4.958999633789062e+00 3.276496887207031e+01 4.735350799560547e+01
dst volume info
valid = 1  # volume info valid
filename = /usr/local/freesurfer/average/RB_all_withskull_2020_01_02.gca
volume = 256 256 256
voxelsize = 1.000000000000000e+00 1.000000000000000e+00 1.000000000000000e+00
xras   = -1.000000000000000e+00 0.000000000000000e+00 0.000000000000000e+00
yras   = 0.000000000000000e+00 0.000000000000000e+00 -1.000000000000000e+00
zras   = 0.000000000000000e+00 1.000000000000000e+00 0.000000000000000e+00
cras   = 0.000000000000000e+00 0.000000000000000e+00 0.000000000000000e+00
