# transform file /home/freesurfer/subjects/sub-026/mri/transforms/cc_up.lta
# created by root on Fri May 30 03:39:22 2025

type      = 0 # LINEAR_VOX_TO_VOX
nxforms   = 1
mean      = 131.0000 138.0000 110.0000
sigma     = 10000.0000
1 4 4
9.988104104995728e-01 4.638554528355598e-02 1.504468545317650e-02 -1.000558471679688e+01 
-4.638028517365456e-02 9.989236593246460e-01 -6.986078224144876e-04 1.528013896942139e+01 
-1.506089698523283e-02 -5.820766785236131e-11 9.998866319656372e-01 4.098762893676758e+01 
0.000000000000000e+00 0.000000000000000e+00 0.000000000000000e+00 1.000000000000000e+00 
src volume info
valid = 1  # volume info valid
filename = /home/freesurfer/subjects/sub-026/mri/norm.mgz
volume = 256 256 256
voxelsize = 1.000000000000000e+00 1.000000000000000e+00 1.000000000000000e+00
xras   = -1.000000119209290e+00 4.889443516731262e-09 -1.862645149230957e-09
yras   = 1.862645149230957e-09 0.000000000000000e+00 -1.000000000000000e+00
zras   = 2.561137080192566e-09 1.000000000000000e+00 0.000000000000000e+00
cras   = 4.473167419433594e+00 1.769631195068359e+01 2.989874267578125e+01
dst volume info
valid = 1  # volume info valid
filename = /home/freesurfer/subjects/sub-026/mri/norm.mgz
volume = 256 256 256
voxelsize = 1.000000000000000e+00 1.000000000000000e+00 1.000000000000000e+00
xras   = -1.000000119209290e+00 4.889443516731262e-09 -1.862645149230957e-09
yras   = 1.862645149230957e-09 0.000000000000000e+00 -1.000000000000000e+00
zras   = 2.561137080192566e-09 1.000000000000000e+00 0.000000000000000e+00
cras   = 4.473167419433594e+00 1.769631195068359e+01 2.989874267578125e+01
