# transform file transforms/talairach_with_skull.lta
# created by root on Fri May 30 00:11:01 2025

type      = 0 # LINEAR_VOX_TO_VOX
nxforms   = 1
mean      = 127.0000 136.0000 116.0000
sigma     = 10000.0000
1 4 4
1.016534090042114e+00 9.314014017581940e-02 6.544258445501328e-02 -2.559899330139160e+01 
-7.227513194084167e-02 1.100140094757080e+00 4.056944251060486e-01 -5.557072448730469e+01 
-2.849689871072769e-02 -3.875394463539124e-01 9.596622586250305e-01 6.033779907226562e+01 
0.000000000000000e+00 0.000000000000000e+00 0.000000000000000e+00 1.000000000000000e+00 
src volume info
valid = 1  # volume info valid
filename = nu.mgz
volume = 256 256 256
voxelsize = 1.000000000000000e+00 1.000000000000000e+00 1.000000000000000e+00
xras   = -1.000000119209290e+00 4.889443516731262e-09 -1.862645149230957e-09
yras   = 1.862645149230957e-09 0.000000000000000e+00 -1.000000000000000e+00
zras   = 2.561137080192566e-09 1.000000000000000e+00 0.000000000000000e+00
cras   = 4.473167419433594e+00 1.769631195068359e+01 2.989874267578125e+01
dst volume info
valid = 1  # volume info valid
filename = /usr/local/freesurfer/average/RB_all_withskull_2020_01_02.gca
volume = 256 256 256
voxelsize = 1.000000000000000e+00 1.000000000000000e+00 1.000000000000000e+00
xras   = -1.000000000000000e+00 0.000000000000000e+00 0.000000000000000e+00
yras   = 0.000000000000000e+00 0.000000000000000e+00 -1.000000000000000e+00
zras   = 0.000000000000000e+00 1.000000000000000e+00 0.000000000000000e+00
cras   = 0.000000000000000e+00 0.000000000000000e+00 0.000000000000000e+00
