# transform file transforms/talairach.lta
# created by root on Fri May 30 00:21:34 2025

type      = 0 # LINEAR_VOX_TO_VOX
nxforms   = 1
mean      = 131.0000 138.0000 109.0000
sigma     = 10000.0000
1 4 4
1.021216034889221e+00 1.333159767091274e-02 6.194130517542362e-03 -9.440663337707520e+00 
-3.563783317804337e-02 9.479817748069763e-01 4.446108937263489e-01 -4.589680862426758e+01 
1.030866405926645e-03 -4.218758344650269e-01 8.840661048889160e-01 7.030133056640625e+01 
0.000000000000000e+00 0.000000000000000e+00 0.000000000000000e+00 1.000000000000000e+00 
src volume info
valid = 1  # volume info valid
filename = nu.mgz
volume = 256 256 256
voxelsize = 1.000000000000000e+00 1.000000000000000e+00 1.000000000000000e+00
xras   = -1.000000119209290e+00 4.889443516731262e-09 -1.862645149230957e-09
yras   = 1.862645149230957e-09 0.000000000000000e+00 -1.000000000000000e+00
zras   = 2.561137080192566e-09 1.000000000000000e+00 0.000000000000000e+00
cras   = 4.473167419433594e+00 1.769631195068359e+01 2.989874267578125e+01
dst volume info
valid = 1  # volume info valid
filename = /usr/local/freesurfer/average/RB_all_2020-01-02.gca
volume = 256 256 256
voxelsize = 1.000000000000000e+00 1.000000000000000e+00 1.000000000000000e+00
xras   = -1.000000000000000e+00 0.000000000000000e+00 0.000000000000000e+00
yras   = 0.000000000000000e+00 0.000000000000000e+00 -1.000000000000000e+00
zras   = 0.000000000000000e+00 1.000000000000000e+00 0.000000000000000e+00
cras   = 0.000000000000000e+00 0.000000000000000e+00 0.000000000000000e+00
