# transform file /home/freesurfer/subjects/sub-022/mri/transforms/cc_up.lta
# created by root on Thu May 29 05:18:03 2025

type      = 0 # LINEAR_VOX_TO_VOX
nxforms   = 1
mean      = 134.0000 142.0000 112.0000
sigma     = 10000.0000
1 4 4
9.960296750068665e-01 -5.100584030151367e-02 7.295925915241241e-02 -4.028944969177246e+00 
5.086955055594444e-02 9.986982345581055e-01 3.726199036464095e-03 1.049502134323120e+00 
-7.305435091257095e-02 0.000000000000000e+00 9.973278641700745e-01 3.793809509277344e+01 
0.000000000000000e+00 0.000000000000000e+00 0.000000000000000e+00 1.000000000000000e+00 
src volume info
valid = 1  # volume info valid
filename = /home/freesurfer/subjects/sub-022/mri/norm.mgz
volume = 256 256 256
voxelsize = 1.000000000000000e+00 1.000000000000000e+00 1.000000000000000e+00
xras   = -9.999999403953552e-01 0.000000000000000e+00 -3.725290298461914e-09
yras   = 7.450580596923828e-09 1.490116119384766e-08 -1.000000000000000e+00
zras   = -2.793967723846436e-09 1.000000000000000e+00 1.490116119384766e-08
cras   = 6.850631713867188e+00 1.909828948974609e+01 2.808099365234375e+01
dst volume info
valid = 1  # volume info valid
filename = /home/freesurfer/subjects/sub-022/mri/norm.mgz
volume = 256 256 256
voxelsize = 1.000000000000000e+00 1.000000000000000e+00 1.000000000000000e+00
xras   = -9.999999403953552e-01 0.000000000000000e+00 -3.725290298461914e-09
yras   = 7.450580596923828e-09 1.490116119384766e-08 -1.000000000000000e+00
zras   = -2.793967723846436e-09 1.000000000000000e+00 1.490116119384766e-08
cras   = 6.850631713867188e+00 1.909828948974609e+01 2.808099365234375e+01
