# transform file transforms/talairach.lta
# created by root on Thu May 29 02:16:45 2025

type      = 0 # LINEAR_VOX_TO_VOX
nxforms   = 1
mean      = 134.0000 142.0000 112.0000
sigma     = 10000.0000
1 4 4
1.088876485824585e+00 -4.515475779771805e-02 1.092415377497673e-01 -2.442098426818848e+01 
2.398328110575676e-02 1.091620445251465e+00 2.562560141086578e-01 -5.603299331665039e+01 
-1.047291010618210e-01 -2.303569912910461e-01 1.004584908485413e+00 4.421373367309570e+01 
0.000000000000000e+00 0.000000000000000e+00 0.000000000000000e+00 1.000000000000000e+00 
src volume info
valid = 1  # volume info valid
filename = nu.mgz
volume = 256 256 256
voxelsize = 1.000000000000000e+00 1.000000000000000e+00 1.000000000000000e+00
xras   = -9.999999403953552e-01 0.000000000000000e+00 -3.725290298461914e-09
yras   = 7.450580596923828e-09 1.490116119384766e-08 -1.000000000000000e+00
zras   = -2.793967723846436e-09 1.000000000000000e+00 1.490116119384766e-08
cras   = 6.850631713867188e+00 1.909828948974609e+01 2.808099365234375e+01
dst volume info
valid = 1  # volume info valid
filename = /usr/local/freesurfer/average/RB_all_2020-01-02.gca
volume = 256 256 256
voxelsize = 1.000000000000000e+00 1.000000000000000e+00 1.000000000000000e+00
xras   = -1.000000000000000e+00 0.000000000000000e+00 0.000000000000000e+00
yras   = 0.000000000000000e+00 0.000000000000000e+00 -1.000000000000000e+00
zras   = 0.000000000000000e+00 1.000000000000000e+00 0.000000000000000e+00
cras   = 0.000000000000000e+00 0.000000000000000e+00 0.000000000000000e+00
