# transform file transforms/talairach_with_skull.lta
# created by root on Thu May 29 02:07:34 2025

type      = 0 # LINEAR_VOX_TO_VOX
nxforms   = 1
mean      = 138.0000 139.0000 117.0000
sigma     = 10000.0000
1 4 4
1.079997658729553e+00 -4.047182388603687e-03 8.293788880109787e-02 -2.574153709411621e+01 
2.828893624246120e-02 1.228335738182068e+00 2.602131068706512e-01 -7.494104003906250e+01 
-9.310747683048248e-02 -2.196219712495804e-01 9.992144107818604e-01 4.048662948608398e+01 
0.000000000000000e+00 0.000000000000000e+00 0.000000000000000e+00 1.000000000000000e+00 
src volume info
valid = 1  # volume info valid
filename = nu.mgz
volume = 256 256 256
voxelsize = 1.000000000000000e+00 1.000000000000000e+00 1.000000000000000e+00
xras   = -9.999999403953552e-01 0.000000000000000e+00 -3.725290298461914e-09
yras   = 7.450580596923828e-09 1.490116119384766e-08 -1.000000000000000e+00
zras   = -2.793967723846436e-09 1.000000000000000e+00 1.490116119384766e-08
cras   = 6.850631713867188e+00 1.909828948974609e+01 2.808099365234375e+01
dst volume info
valid = 1  # volume info valid
filename = /usr/local/freesurfer/average/RB_all_withskull_2020_01_02.gca
volume = 256 256 256
voxelsize = 1.000000000000000e+00 1.000000000000000e+00 1.000000000000000e+00
xras   = -1.000000000000000e+00 0.000000000000000e+00 0.000000000000000e+00
yras   = 0.000000000000000e+00 0.000000000000000e+00 -1.000000000000000e+00
zras   = 0.000000000000000e+00 1.000000000000000e+00 0.000000000000000e+00
cras   = 0.000000000000000e+00 0.000000000000000e+00 0.000000000000000e+00
