# transform file /home/freesurfer/subjects/sub-004/mri/transforms/cc_up.lta
# created by root on Thu May 29 16:30:35 2025

type      = 0 # LINEAR_VOX_TO_VOX
nxforms   = 1
mean      = 128.0000 140.0000 117.0000
sigma     = 10000.0000
1 4 4
9.961531162261963e-01 8.376390486955643e-02 2.574132569134235e-02 -1.358987808227539e+01 
-8.373595774173737e-02 9.964856505393982e-01 -2.163798548281193e-03 6.432890892028809e+00 
-2.583211101591587e-02 0.000000000000000e+00 9.996663331985474e-01 3.735141372680664e+01 
0.000000000000000e+00 0.000000000000000e+00 0.000000000000000e+00 1.000000000000000e+00 
src volume info
valid = 1  # volume info valid
filename = /home/freesurfer/subjects/sub-004/mri/norm.mgz
volume = 256 256 256
voxelsize = 1.000000000000000e+00 1.000000000000000e+00 1.000000000000000e+00
xras   = -9.999999403953552e-01 -1.862645149230957e-09 3.725290298461914e-09
yras   = 0.000000000000000e+00 2.980232238769531e-08 -1.000000119209290e+00
zras   = 0.000000000000000e+00 1.000000000000000e+00 0.000000000000000e+00
cras   = -4.025543212890625e+00 2.115303039550781e+01 4.244989013671875e+01
dst volume info
valid = 1  # volume info valid
filename = /home/freesurfer/subjects/sub-004/mri/norm.mgz
volume = 256 256 256
voxelsize = 1.000000000000000e+00 1.000000000000000e+00 1.000000000000000e+00
xras   = -9.999999403953552e-01 -1.862645149230957e-09 3.725290298461914e-09
yras   = 0.000000000000000e+00 2.980232238769531e-08 -1.000000119209290e+00
zras   = 0.000000000000000e+00 1.000000000000000e+00 0.000000000000000e+00
cras   = -4.025543212890625e+00 2.115303039550781e+01 4.244989013671875e+01
