# transform file transforms/talairach_with_skull.lta
# created by root on Thu May 29 13:11:36 2025

type      = 0 # LINEAR_VOX_TO_VOX
nxforms   = 1
mean      = 126.0000 146.0000 122.0000
sigma     = 10000.0000
1 4 4
1.046132922172546e+00 1.075226590037346e-01 4.574597999453545e-02 -2.735367584228516e+01 
-1.069044992327690e-01 1.140941977500916e+00 4.635359346866608e-01 -6.937060546875000e+01 
-1.978024141862988e-03 -3.839828670024872e-01 9.530278444290161e-01 5.317321395874023e+01 
0.000000000000000e+00 0.000000000000000e+00 0.000000000000000e+00 1.000000000000000e+00 
src volume info
valid = 1  # volume info valid
filename = nu.mgz
volume = 256 256 256
voxelsize = 1.000000000000000e+00 1.000000000000000e+00 1.000000000000000e+00
xras   = -9.999999403953552e-01 -1.862645149230957e-09 3.725290298461914e-09
yras   = 0.000000000000000e+00 2.980232238769531e-08 -1.000000119209290e+00
zras   = 0.000000000000000e+00 1.000000000000000e+00 0.000000000000000e+00
cras   = -4.025543212890625e+00 2.115303039550781e+01 4.244989013671875e+01
dst volume info
valid = 1  # volume info valid
filename = /usr/local/freesurfer/average/RB_all_withskull_2020_01_02.gca
volume = 256 256 256
voxelsize = 1.000000000000000e+00 1.000000000000000e+00 1.000000000000000e+00
xras   = -1.000000000000000e+00 0.000000000000000e+00 0.000000000000000e+00
yras   = 0.000000000000000e+00 0.000000000000000e+00 -1.000000000000000e+00
zras   = 0.000000000000000e+00 1.000000000000000e+00 0.000000000000000e+00
cras   = 0.000000000000000e+00 0.000000000000000e+00 0.000000000000000e+00
