# transform file transforms/talairach.lta
# created by root on Thu May 29 13:23:06 2025

type      = 0 # LINEAR_VOX_TO_VOX
nxforms   = 1
mean      = 128.0000 141.0000 117.0000
sigma     = 10000.0000
1 4 4
9.807614088058472e-01 7.595646381378174e-02 4.303463548421860e-02 -1.398006153106689e+01 
-8.947566151618958e-02 1.104931354522705e+00 4.815937876701355e-01 -6.999828338623047e+01 
-9.983951225876808e-03 -4.590575993061066e-01 8.841040730476379e-01 7.195581054687500e+01 
0.000000000000000e+00 0.000000000000000e+00 0.000000000000000e+00 1.000000000000000e+00 
src volume info
valid = 1  # volume info valid
filename = nu.mgz
volume = 256 256 256
voxelsize = 1.000000000000000e+00 1.000000000000000e+00 1.000000000000000e+00
xras   = -9.999999403953552e-01 -1.862645149230957e-09 3.725290298461914e-09
yras   = 0.000000000000000e+00 2.980232238769531e-08 -1.000000119209290e+00
zras   = 0.000000000000000e+00 1.000000000000000e+00 0.000000000000000e+00
cras   = -4.025543212890625e+00 2.115303039550781e+01 4.244989013671875e+01
dst volume info
valid = 1  # volume info valid
filename = /usr/local/freesurfer/average/RB_all_2020-01-02.gca
volume = 256 256 256
voxelsize = 1.000000000000000e+00 1.000000000000000e+00 1.000000000000000e+00
xras   = -1.000000000000000e+00 0.000000000000000e+00 0.000000000000000e+00
yras   = 0.000000000000000e+00 0.000000000000000e+00 -1.000000000000000e+00
zras   = 0.000000000000000e+00 1.000000000000000e+00 0.000000000000000e+00
cras   = 0.000000000000000e+00 0.000000000000000e+00 0.000000000000000e+00
