# transform file /home/freesurfer/subjects/sub-010/mri/transforms/cc_up.lta
# created by root on Sat May 31 04:36:45 2025

type      = 0 # LINEAR_VOX_TO_VOX
nxforms   = 1
mean      = 134.0000 140.0000 113.0000
sigma     = 10000.0000
1 4 4
9.841666221618652e-01 -1.279608160257339e-01 1.226461902260780e-01 1.977144598960876e+00 
1.269786357879639e-01 9.917792081832886e-01 1.582399383187294e-02 -9.254325866699219e+00 
-1.236627921462059e-01 -9.313225746154785e-10 9.923242926597595e-01 3.995230865478516e+01 
0.000000000000000e+00 0.000000000000000e+00 0.000000000000000e+00 1.000000000000000e+00 
src volume info
valid = 1  # volume info valid
filename = /home/freesurfer/subjects/sub-010/mri/norm.mgz
volume = 256 256 256
voxelsize = 1.000000000000000e+00 1.000000000000000e+00 1.000000000000000e+00
xras   = -1.000000000000000e+00 -1.303851604461670e-08 -1.490116119384766e-08
yras   = -1.490116119384766e-08 0.000000000000000e+00 -1.000000119209290e+00
zras   = -1.303851604461670e-08 1.000000000000000e+00 -1.490116119384766e-08
cras   = 4.268173217773438e+00 2.040370941162109e+01 3.092847442626953e+01
dst volume info
valid = 1  # volume info valid
filename = /home/freesurfer/subjects/sub-010/mri/norm.mgz
volume = 256 256 256
voxelsize = 1.000000000000000e+00 1.000000000000000e+00 1.000000000000000e+00
xras   = -1.000000000000000e+00 -1.303851604461670e-08 -1.490116119384766e-08
yras   = -1.490116119384766e-08 0.000000000000000e+00 -1.000000119209290e+00
zras   = -1.303851604461670e-08 1.000000000000000e+00 -1.490116119384766e-08
cras   = 4.268173217773438e+00 2.040370941162109e+01 3.092847442626953e+01
