type      = 1 # LINEAR_RAS_TO_RAS
nxforms   = 1
mean      = 0.0000 0.0000 0.0000
sigma     = 1.0000
1 4 4
1.119421005249023e+00 -1.421570032835007e-01 -1.367029994726181e-01 3.172379016876221e+00 
1.268579959869385e-01 9.985759854316711e-01 3.445580005645752e-01 -2.902466583251953e+01 
1.228950023651123e-01 -3.007560074329376e-01 1.094171047210693e+00 -1.725601196289062e+01 
0.000000000000000e+00 0.000000000000000e+00 0.000000000000000e+00 1.000000000000000e+00 
src volume info
valid = 1  # volume info valid
filename = /home/freesurfer/subjects/sub-010/mri/orig_nu.mgz
volume = 256 256 256
voxelsize = 1.000000000000000e+00 1.000000000000000e+00 1.000000000000000e+00
xras   = -1.000000000000000e+00 -1.303851604461670e-08 -1.490116119384766e-08
yras   = -1.490116119384766e-08 0.000000000000000e+00 -1.000000119209290e+00
zras   = -1.303851604461670e-08 1.000000000000000e+00 -1.490116119384766e-08
cras   = 4.268173217773438e+00 2.040370941162109e+01 3.092847442626953e+01
dst volume info
valid = 1  # volume info valid
filename = /usr/local/freesurfer/average/mni305.cor.mgz
volume = 256 256 256
voxelsize = 1.000000000000000e+00 1.000000000000000e+00 1.000000000000000e+00
xras   = -1.000000000000000e+00 0.000000000000000e+00 0.000000000000000e+00
yras   = 0.000000000000000e+00 0.000000000000000e+00 -1.000000000000000e+00
zras   = 0.000000000000000e+00 1.000000000000000e+00 0.000000000000000e+00
cras   = 0.000000000000000e+00 0.000000000000000e+00 0.000000000000000e+00
subject fsaverage
fscale 0.100000
