# transform file transforms/talairach.lta
# created by root on Sat May 31 01:39:48 2025

type      = 0 # LINEAR_VOX_TO_VOX
nxforms   = 1
mean      = 134.0000 141.0000 112.0000
sigma     = 10000.0000
1 4 4
1.098295211791992e+00 -1.467033028602600e-01 1.298600435256958e-01 -1.346988296508789e+01 
7.298389077186584e-02 1.066664576530457e+00 2.853171229362488e-01 -6.644088745117188e+01 
-1.499414145946503e-01 -2.556328177452087e-01 9.744494557380676e-01 5.601947021484375e+01 
0.000000000000000e+00 0.000000000000000e+00 0.000000000000000e+00 1.000000000000000e+00 
src volume info
valid = 1  # volume info valid
filename = nu.mgz
volume = 256 256 256
voxelsize = 1.000000000000000e+00 1.000000000000000e+00 1.000000000000000e+00
xras   = -1.000000000000000e+00 -1.303851604461670e-08 -1.490116119384766e-08
yras   = -1.490116119384766e-08 0.000000000000000e+00 -1.000000119209290e+00
zras   = -1.303851604461670e-08 1.000000000000000e+00 -1.490116119384766e-08
cras   = 4.268173217773438e+00 2.040370941162109e+01 3.092847442626953e+01
dst volume info
valid = 1  # volume info valid
filename = /usr/local/freesurfer/average/RB_all_2020-01-02.gca
volume = 256 256 256
voxelsize = 1.000000000000000e+00 1.000000000000000e+00 1.000000000000000e+00
xras   = -1.000000000000000e+00 0.000000000000000e+00 0.000000000000000e+00
yras   = 0.000000000000000e+00 0.000000000000000e+00 -1.000000000000000e+00
zras   = 0.000000000000000e+00 1.000000000000000e+00 0.000000000000000e+00
cras   = 0.000000000000000e+00 0.000000000000000e+00 0.000000000000000e+00
