# transform file transforms/talairach_with_skull.lta
# created by root on Sat May 31 01:27:14 2025

type      = 0 # LINEAR_VOX_TO_VOX
nxforms   = 1
mean      = 135.0000 138.0000 114.0000
sigma     = 10000.0000
1 4 4
1.094206690788269e+00 -1.008663475513458e-01 1.433018594980240e-01 -2.029177665710449e+01 
6.468573957681656e-02 1.286521434783936e+00 2.865144908428192e-01 -9.307833099365234e+01 
-1.444253176450729e-01 -1.658015102148056e-01 9.587073922157288e-01 4.450943374633789e+01 
0.000000000000000e+00 0.000000000000000e+00 0.000000000000000e+00 1.000000000000000e+00 
src volume info
valid = 1  # volume info valid
filename = nu.mgz
volume = 256 256 256
voxelsize = 1.000000000000000e+00 1.000000000000000e+00 1.000000000000000e+00
xras   = -1.000000000000000e+00 -1.303851604461670e-08 -1.490116119384766e-08
yras   = -1.490116119384766e-08 0.000000000000000e+00 -1.000000119209290e+00
zras   = -1.303851604461670e-08 1.000000000000000e+00 -1.490116119384766e-08
cras   = 4.268173217773438e+00 2.040370941162109e+01 3.092847442626953e+01
dst volume info
valid = 1  # volume info valid
filename = /usr/local/freesurfer/average/RB_all_withskull_2020_01_02.gca
volume = 256 256 256
voxelsize = 1.000000000000000e+00 1.000000000000000e+00 1.000000000000000e+00
xras   = -1.000000000000000e+00 0.000000000000000e+00 0.000000000000000e+00
yras   = 0.000000000000000e+00 0.000000000000000e+00 -1.000000000000000e+00
zras   = 0.000000000000000e+00 1.000000000000000e+00 0.000000000000000e+00
cras   = 0.000000000000000e+00 0.000000000000000e+00 0.000000000000000e+00
