# transform file /home/freesurfer/subjects/sub-006/mri/transforms/cc_up.lta
# created by root on Fri May 30 04:15:22 2025

type      = 0 # LINEAR_VOX_TO_VOX
nxforms   = 1
mean      = 130.0000 136.0000 109.0000
sigma     = 10000.0000
1 4 4
9.992421865463257e-01 -1.473702676594257e-02 3.602857142686844e-02 -2.761490345001221e+00 
1.472745649516582e-02 9.998914599418640e-01 5.310116102918983e-04 1.059180974960327e+00 
-3.603248670697212e-02 0.000000000000000e+00 9.993506669998169e-01 5.773292160034180e+01 
0.000000000000000e+00 0.000000000000000e+00 0.000000000000000e+00 1.000000000000000e+00 
src volume info
valid = 1  # volume info valid
filename = /home/freesurfer/subjects/sub-006/mri/norm.mgz
volume = 256 256 256
voxelsize = 1.000000000000000e+00 1.000000000000000e+00 1.000000000000000e+00
xras   = -9.999999403953552e-01 -1.426087692379951e-09 -4.656612873077393e-10
yras   = -9.313225746154785e-10 -7.450580596923828e-09 -1.000000119209290e+00
zras   = 1.338776201009750e-09 1.000000000000000e+00 3.725290298461914e-09
cras   = -2.444534301757812e+00 2.971965789794922e+01 4.739452743530273e+01
dst volume info
valid = 1  # volume info valid
filename = /home/freesurfer/subjects/sub-006/mri/norm.mgz
volume = 256 256 256
voxelsize = 1.000000000000000e+00 1.000000000000000e+00 1.000000000000000e+00
xras   = -9.999999403953552e-01 -1.426087692379951e-09 -4.656612873077393e-10
yras   = -9.313225746154785e-10 -7.450580596923828e-09 -1.000000119209290e+00
zras   = 1.338776201009750e-09 1.000000000000000e+00 3.725290298461914e-09
cras   = -2.444534301757812e+00 2.971965789794922e+01 4.739452743530273e+01
