# transform file transforms/talairach_with_skull.lta
# created by root on Fri May 30 00:55:38 2025

type      = 0 # LINEAR_VOX_TO_VOX
nxforms   = 1
mean      = 129.0000 131.0000 115.0000
sigma     = 10000.0000
1 4 4
1.011937618255615e+00 3.411620855331421e-02 7.361911982297897e-02 -1.703145980834961e+01 
-5.587653443217278e-02 1.175970554351807e+00 2.953728139400482e-01 -5.508966445922852e+01 
-7.181940227746964e-02 -2.380912899971008e-01 9.679106473922729e-01 4.741431808471680e+01 
0.000000000000000e+00 0.000000000000000e+00 0.000000000000000e+00 1.000000000000000e+00 
src volume info
valid = 1  # volume info valid
filename = nu.mgz
volume = 256 256 256
voxelsize = 1.000000000000000e+00 1.000000000000000e+00 1.000000000000000e+00
xras   = -9.999999403953552e-01 -1.426087692379951e-09 -4.656612873077393e-10
yras   = -9.313225746154785e-10 -7.450580596923828e-09 -1.000000119209290e+00
zras   = 1.338776201009750e-09 1.000000000000000e+00 3.725290298461914e-09
cras   = -2.444534301757812e+00 2.971965789794922e+01 4.739452743530273e+01
dst volume info
valid = 1  # volume info valid
filename = /usr/local/freesurfer/average/RB_all_withskull_2020_01_02.gca
volume = 256 256 256
voxelsize = 1.000000000000000e+00 1.000000000000000e+00 1.000000000000000e+00
xras   = -1.000000000000000e+00 0.000000000000000e+00 0.000000000000000e+00
yras   = 0.000000000000000e+00 0.000000000000000e+00 -1.000000000000000e+00
zras   = 0.000000000000000e+00 1.000000000000000e+00 0.000000000000000e+00
cras   = 0.000000000000000e+00 0.000000000000000e+00 0.000000000000000e+00
