type      = 1 # LINEAR_RAS_TO_RAS
nxforms   = 1
mean      = 0.0000 0.0000 0.0000
sigma     = 1.0000
1 4 4
1.068184018135071e+00 -6.060900166630745e-02 -1.453199982643127e-02 5.499724864959717e+00 
3.383300080895424e-02 9.724529981613159e-01 3.143340051174164e-01 -4.047237014770508e+01 
-2.577500045299530e-02 -3.030590116977692e-01 1.028146028518677e+00 -3.777464294433594e+01 
0.000000000000000e+00 0.000000000000000e+00 0.000000000000000e+00 1.000000000000000e+00 
src volume info
valid = 1  # volume info valid
filename = /home/freesurfer/subjects/sub-006/mri/orig_nu.mgz
volume = 256 256 256
voxelsize = 1.000000000000000e+00 1.000000000000000e+00 1.000000000000000e+00
xras   = -9.999999403953552e-01 -1.426087692379951e-09 -4.656612873077393e-10
yras   = -9.313225746154785e-10 -7.450580596923828e-09 -1.000000119209290e+00
zras   = 1.338776201009750e-09 1.000000000000000e+00 3.725290298461914e-09
cras   = -2.444534301757812e+00 2.971965789794922e+01 4.739452743530273e+01
dst volume info
valid = 1  # volume info valid
filename = /usr/local/freesurfer/average/mni305.cor.mgz
volume = 256 256 256
voxelsize = 1.000000000000000e+00 1.000000000000000e+00 1.000000000000000e+00
xras   = -1.000000000000000e+00 0.000000000000000e+00 0.000000000000000e+00
yras   = 0.000000000000000e+00 0.000000000000000e+00 -1.000000000000000e+00
zras   = 0.000000000000000e+00 1.000000000000000e+00 0.000000000000000e+00
cras   = 0.000000000000000e+00 0.000000000000000e+00 0.000000000000000e+00
subject fsaverage
fscale 0.100000
