# transform file transforms/talairach.lta
# created by root on Fri May 30 01:05:30 2025

type      = 0 # LINEAR_VOX_TO_VOX
nxforms   = 1
mean      = 130.0000 136.0000 109.0000
sigma     = 10000.0000
1 4 4
1.017336606979370e+00 1.101199816912413e-02 5.773195624351501e-02 -1.248437976837158e+01 
-2.628365345299244e-02 1.057725191116333e+00 2.824517190456390e-01 -4.305489349365234e+01 
-5.729194357991219e-02 -2.428348064422607e-01 9.094614982604980e-01 5.311887741088867e+01 
0.000000000000000e+00 0.000000000000000e+00 0.000000000000000e+00 1.000000000000000e+00 
src volume info
valid = 1  # volume info valid
filename = nu.mgz
volume = 256 256 256
voxelsize = 1.000000000000000e+00 1.000000000000000e+00 1.000000000000000e+00
xras   = -9.999999403953552e-01 -1.426087692379951e-09 -4.656612873077393e-10
yras   = -9.313225746154785e-10 -7.450580596923828e-09 -1.000000119209290e+00
zras   = 1.338776201009750e-09 1.000000000000000e+00 3.725290298461914e-09
cras   = -2.444534301757812e+00 2.971965789794922e+01 4.739452743530273e+01
dst volume info
valid = 1  # volume info valid
filename = /usr/local/freesurfer/average/RB_all_2020-01-02.gca
volume = 256 256 256
voxelsize = 1.000000000000000e+00 1.000000000000000e+00 1.000000000000000e+00
xras   = -1.000000000000000e+00 0.000000000000000e+00 0.000000000000000e+00
yras   = 0.000000000000000e+00 0.000000000000000e+00 -1.000000000000000e+00
zras   = 0.000000000000000e+00 1.000000000000000e+00 0.000000000000000e+00
cras   = 0.000000000000000e+00 0.000000000000000e+00 0.000000000000000e+00
