# transform file /home/freesurfer/subjects/sub-032/mri/transforms/cc_up.lta
# created by root on Tue Jun  3 03:57:02 2025

type      = 0 # LINEAR_VOX_TO_VOX
nxforms   = 1
mean      = 130.0000 145.0000 116.0000
sigma     = 10000.0000
1 4 4
9.997673630714417e-01 1.623221300542355e-02 1.419567782431841e-02 -5.525870323181152e+00 
-1.623057574033737e-02 9.998680949211121e-01 -2.304576191818342e-04 1.150715947151184e+00 
-1.419754885137081e-02 -1.455191349364338e-11 9.998991489410400e-01 2.685605621337891e+01 
0.000000000000000e+00 0.000000000000000e+00 0.000000000000000e+00 1.000000000000000e+00 
src volume info
valid = 1  # volume info valid
filename = /home/freesurfer/subjects/sub-032/mri/norm.mgz
volume = 256 256 256
voxelsize = 1.000000000000000e+00 1.000000000000000e+00 1.000000000000000e+00
xras   = -9.999999403953552e-01 -4.656612873077393e-10 0.000000000000000e+00
yras   = -1.862645149230957e-09 0.000000000000000e+00 -9.999999403953552e-01
zras   = -9.313225746154785e-10 1.000000000000000e+00 -2.980232238769531e-08
cras   = 5.251350402832031e+00 1.577922058105469e+01 5.096648406982422e+01
dst volume info
valid = 1  # volume info valid
filename = /home/freesurfer/subjects/sub-032/mri/norm.mgz
volume = 256 256 256
voxelsize = 1.000000000000000e+00 1.000000000000000e+00 1.000000000000000e+00
xras   = -9.999999403953552e-01 -4.656612873077393e-10 0.000000000000000e+00
yras   = -1.862645149230957e-09 0.000000000000000e+00 -9.999999403953552e-01
zras   = -9.313225746154785e-10 1.000000000000000e+00 -2.980232238769531e-08
cras   = 5.251350402832031e+00 1.577922058105469e+01 5.096648406982422e+01
