# transform file transforms/talairach_with_skull.lta
# created by root on Tue Jun  3 00:41:40 2025

type      = 0 # LINEAR_VOX_TO_VOX
nxforms   = 1
mean      = 130.0000 128.0000 121.0000
sigma     = 10000.0000
1 4 4
1.015323638916016e+00 1.237198337912560e-02 4.646873846650124e-02 -1.396428489685059e+01 
-1.872175559401512e-02 1.180835008621216e+00 2.782321274280548e-01 -7.552577209472656e+01 
-3.811659663915634e-02 -2.234573066234589e-01 9.789724349975586e-01 3.063379859924316e+01 
0.000000000000000e+00 0.000000000000000e+00 0.000000000000000e+00 1.000000000000000e+00 
src volume info
valid = 1  # volume info valid
filename = nu.mgz
volume = 256 256 256
voxelsize = 1.000000000000000e+00 1.000000000000000e+00 1.000000000000000e+00
xras   = -9.999999403953552e-01 -4.656612873077393e-10 0.000000000000000e+00
yras   = -1.862645149230957e-09 0.000000000000000e+00 -9.999999403953552e-01
zras   = -9.313225746154785e-10 1.000000000000000e+00 -2.980232238769531e-08
cras   = 5.251350402832031e+00 1.577922058105469e+01 5.096648406982422e+01
dst volume info
valid = 1  # volume info valid
filename = /usr/local/freesurfer/average/RB_all_withskull_2020_01_02.gca
volume = 256 256 256
voxelsize = 1.000000000000000e+00 1.000000000000000e+00 1.000000000000000e+00
xras   = -1.000000000000000e+00 0.000000000000000e+00 0.000000000000000e+00
yras   = 0.000000000000000e+00 0.000000000000000e+00 -1.000000000000000e+00
zras   = 0.000000000000000e+00 1.000000000000000e+00 0.000000000000000e+00
cras   = 0.000000000000000e+00 0.000000000000000e+00 0.000000000000000e+00
