type      = 1 # LINEAR_RAS_TO_RAS
nxforms   = 1
mean      = 0.0000 0.0000 0.0000
sigma     = 1.0000
1 4 4
1.034569978713989e+00 -2.549700066447258e-02 -7.539999787695706e-04 -3.284621953964233e+00 
6.211000028997660e-03 9.322199821472168e-01 3.715319931507111e-01 -3.585452270507812e+01 
-9.600999765098095e-03 -2.731730043888092e-01 1.058537960052490e+00 -3.215357971191406e+01 
0.000000000000000e+00 0.000000000000000e+00 0.000000000000000e+00 1.000000000000000e+00 
src volume info
valid = 1  # volume info valid
filename = /home/freesurfer/subjects/sub-032/mri/orig_nu.mgz
volume = 256 256 256
voxelsize = 1.000000000000000e+00 1.000000000000000e+00 1.000000000000000e+00
xras   = -9.999999403953552e-01 -4.656612873077393e-10 0.000000000000000e+00
yras   = -1.862645149230957e-09 0.000000000000000e+00 -9.999999403953552e-01
zras   = -9.313225746154785e-10 1.000000000000000e+00 -2.980232238769531e-08
cras   = 5.251350402832031e+00 1.577922058105469e+01 5.096648406982422e+01
dst volume info
valid = 1  # volume info valid
filename = /usr/local/freesurfer/average/mni305.cor.mgz
volume = 256 256 256
voxelsize = 1.000000000000000e+00 1.000000000000000e+00 1.000000000000000e+00
xras   = -1.000000000000000e+00 0.000000000000000e+00 0.000000000000000e+00
yras   = 0.000000000000000e+00 0.000000000000000e+00 -1.000000000000000e+00
zras   = 0.000000000000000e+00 1.000000000000000e+00 0.000000000000000e+00
cras   = 0.000000000000000e+00 0.000000000000000e+00 0.000000000000000e+00
subject fsaverage
fscale 0.100000
