type      = 0 # LINEAR_VOX_TO_VOX
nxforms   = 1
mean      = 0.0000 0.0000 0.0000
sigma     = 1.0000
1 4 4
1.034569859504700e+00 -7.539979997090995e-04 2.549700252711773e-02 -9.299575805664062e+00 
-9.600998833775520e-03 1.058537840843201e+00 2.731730341911316e-01 -5.866558837890625e+01 
-6.211000028997660e-03 -3.715319633483887e-01 9.322199821472168e-01 5.485041809082031e+01 
0.000000000000000e+00 0.000000000000000e+00 0.000000000000000e+00 1.000000000000000e+00 
src volume info
valid = 1  # volume info valid
filename = /home/freesurfer/subjects/sub-032/mri/orig.mgz
volume = 256 256 256
voxelsize = 1.000000000000000e+00 1.000000000000000e+00 1.000000000000000e+00
xras   = -9.999999403953552e-01 -4.656612873077393e-10 0.000000000000000e+00
yras   = -1.862645149230957e-09 0.000000000000000e+00 -9.999999403953552e-01
zras   = -9.313225746154785e-10 1.000000000000000e+00 -2.980232238769531e-08
cras   = 5.251350402832031e+00 1.577922058105469e+01 5.096648406982422e+01
dst volume info
valid = 1  # volume info valid
filename = /usr/local/freesurfer/average/mni305.cor.mgz
volume = 256 256 256
voxelsize = 1.000000000000000e+00 1.000000000000000e+00 1.000000000000000e+00
xras   = -1.000000000000000e+00 0.000000000000000e+00 0.000000000000000e+00
yras   = 0.000000000000000e+00 0.000000000000000e+00 -1.000000000000000e+00
zras   = 0.000000000000000e+00 1.000000000000000e+00 0.000000000000000e+00
cras   = 0.000000000000000e+00 0.000000000000000e+00 0.000000000000000e+00
subject fsaverage
fscale 0.100000
