# transform file transforms/talairach.lta
# created by root on Tue Jun  3 00:51:24 2025

type      = 0 # LINEAR_VOX_TO_VOX
nxforms   = 1
mean      = 130.0000 144.0000 116.0000
sigma     = 10000.0000
1 4 4
1.016542911529541e+00 2.793493121862411e-02 3.829408064484596e-02 -1.538925170898438e+01 
-3.364965319633484e-02 1.089316248893738e+00 2.991688847541809e-01 -6.283540344238281e+01 
-3.565030544996262e-02 -2.614816725254059e-01 9.402657747268677e-01 4.239574432373047e+01 
0.000000000000000e+00 0.000000000000000e+00 0.000000000000000e+00 1.000000000000000e+00 
src volume info
valid = 1  # volume info valid
filename = nu.mgz
volume = 256 256 256
voxelsize = 1.000000000000000e+00 1.000000000000000e+00 1.000000000000000e+00
xras   = -9.999999403953552e-01 -4.656612873077393e-10 0.000000000000000e+00
yras   = -1.862645149230957e-09 0.000000000000000e+00 -9.999999403953552e-01
zras   = -9.313225746154785e-10 1.000000000000000e+00 -2.980232238769531e-08
cras   = 5.251350402832031e+00 1.577922058105469e+01 5.096648406982422e+01
dst volume info
valid = 1  # volume info valid
filename = /usr/local/freesurfer/average/RB_all_2020-01-02.gca
volume = 256 256 256
voxelsize = 1.000000000000000e+00 1.000000000000000e+00 1.000000000000000e+00
xras   = -1.000000000000000e+00 0.000000000000000e+00 0.000000000000000e+00
yras   = 0.000000000000000e+00 0.000000000000000e+00 -1.000000000000000e+00
zras   = 0.000000000000000e+00 1.000000000000000e+00 0.000000000000000e+00
cras   = 0.000000000000000e+00 0.000000000000000e+00 0.000000000000000e+00
