# transform file /home/freesurfer/subjects/sub-033/mri/transforms/cc_up.lta
# created by root on Tue Jun  3 09:23:37 2025

type      = 0 # LINEAR_VOX_TO_VOX
nxforms   = 1
mean      = 130.0000 140.0000 106.0000
sigma     = 10000.0000
1 4 4
9.905556440353394e-01 6.436401605606079e-02 1.210643276572227e-01 -2.272934150695801e+01 
-6.388861685991287e-02 9.979263544082642e-01 -7.808377500623465e-03 1.947651100158691e+01 
-1.213158741593361e-01 0.000000000000000e+00 9.926138520240784e-01 5.385289382934570e+01 
0.000000000000000e+00 0.000000000000000e+00 0.000000000000000e+00 1.000000000000000e+00 
src volume info
valid = 1  # volume info valid
filename = /home/freesurfer/subjects/sub-033/mri/norm.mgz
volume = 256 256 256
voxelsize = 1.000000000000000e+00 1.000000000000000e+00 1.000000000000000e+00
xras   = -9.999999403953552e-01 -5.587935447692871e-09 0.000000000000000e+00
yras   = -7.450580596923828e-09 0.000000000000000e+00 -9.999999403953552e-01
zras   = 0.000000000000000e+00 1.000000000000000e+00 2.980232238769531e-08
cras   = 2.075195312500000e-01 2.133869934082031e+01 6.284558105468750e+01
dst volume info
valid = 1  # volume info valid
filename = /home/freesurfer/subjects/sub-033/mri/norm.mgz
volume = 256 256 256
voxelsize = 1.000000000000000e+00 1.000000000000000e+00 1.000000000000000e+00
xras   = -9.999999403953552e-01 -5.587935447692871e-09 0.000000000000000e+00
yras   = -7.450580596923828e-09 0.000000000000000e+00 -9.999999403953552e-01
zras   = 0.000000000000000e+00 1.000000000000000e+00 2.980232238769531e-08
cras   = 2.075195312500000e-01 2.133869934082031e+01 6.284558105468750e+01
