# transform file transforms/talairach_with_skull.lta
# created by root on Tue Jun  3 06:29:55 2025

type      = 0 # LINEAR_VOX_TO_VOX
nxforms   = 1
mean      = 126.0000 139.0000 114.0000
sigma     = 10000.0000
1 4 4
1.055013775825500e+00 1.000257804989815e-01 9.566026180982590e-02 -3.533176803588867e+01 
-1.463352590799332e-01 1.096758484840393e+00 4.451530575752258e-01 -5.171408081054688e+01 
-7.561054080724716e-02 -4.215844869613647e-01 1.017076611518860e+00 6.680830383300781e+01 
0.000000000000000e+00 0.000000000000000e+00 0.000000000000000e+00 1.000000000000000e+00 
src volume info
valid = 1  # volume info valid
filename = nu.mgz
volume = 256 256 256
voxelsize = 1.000000000000000e+00 1.000000000000000e+00 1.000000000000000e+00
xras   = -9.999999403953552e-01 -5.587935447692871e-09 0.000000000000000e+00
yras   = -7.450580596923828e-09 0.000000000000000e+00 -9.999999403953552e-01
zras   = 0.000000000000000e+00 1.000000000000000e+00 2.980232238769531e-08
cras   = 2.075195312500000e-01 2.133869934082031e+01 6.284558105468750e+01
dst volume info
valid = 1  # volume info valid
filename = /usr/local/freesurfer/average/RB_all_withskull_2020_01_02.gca
volume = 256 256 256
voxelsize = 1.000000000000000e+00 1.000000000000000e+00 1.000000000000000e+00
xras   = -1.000000000000000e+00 0.000000000000000e+00 0.000000000000000e+00
yras   = 0.000000000000000e+00 0.000000000000000e+00 -1.000000000000000e+00
zras   = 0.000000000000000e+00 1.000000000000000e+00 0.000000000000000e+00
cras   = 0.000000000000000e+00 0.000000000000000e+00 0.000000000000000e+00
