# transform file transforms/talairach.lta
# created by root on Tue Jun  3 06:42:07 2025

type      = 0 # LINEAR_VOX_TO_VOX
nxforms   = 1
mean      = 130.0000 140.0000 106.0000
sigma     = 10000.0000
1 4 4
1.076592445373535e+00 8.341524004936218e-02 9.788612276315689e-02 -3.516105651855469e+01 
-1.616747528314590e-01 1.021182417869568e+00 4.046124517917633e-01 -3.526839447021484e+01 
-9.639075398445129e-02 -4.079025983810425e-01 9.849756956100464e-01 7.163721466064453e+01 
0.000000000000000e+00 0.000000000000000e+00 0.000000000000000e+00 1.000000000000000e+00 
src volume info
valid = 1  # volume info valid
filename = nu.mgz
volume = 256 256 256
voxelsize = 1.000000000000000e+00 1.000000000000000e+00 1.000000000000000e+00
xras   = -9.999999403953552e-01 -5.587935447692871e-09 0.000000000000000e+00
yras   = -7.450580596923828e-09 0.000000000000000e+00 -9.999999403953552e-01
zras   = 0.000000000000000e+00 1.000000000000000e+00 2.980232238769531e-08
cras   = 2.075195312500000e-01 2.133869934082031e+01 6.284558105468750e+01
dst volume info
valid = 1  # volume info valid
filename = /usr/local/freesurfer/average/RB_all_2020-01-02.gca
volume = 256 256 256
voxelsize = 1.000000000000000e+00 1.000000000000000e+00 1.000000000000000e+00
xras   = -1.000000000000000e+00 0.000000000000000e+00 0.000000000000000e+00
yras   = 0.000000000000000e+00 0.000000000000000e+00 -1.000000000000000e+00
zras   = 0.000000000000000e+00 1.000000000000000e+00 0.000000000000000e+00
cras   = 0.000000000000000e+00 0.000000000000000e+00 0.000000000000000e+00
