# transform file /home/freesurfer/subjects/sub-035/mri/transforms/cc_up.lta
# created by root on Tue Jun  3 19:49:48 2025

type      = 0 # LINEAR_VOX_TO_VOX
nxforms   = 1
mean      = 131.0000 137.0000 109.0000
sigma     = 10000.0000
1 4 4
9.945910573005676e-01 -1.009490247815847e-02 1.033768504858017e-01 -1.154686069488525e+01 
1.004081126302481e-02 9.999490380287170e-01 1.043632393702865e-03 1.057521152496338e+01 
-1.033821180462837e-01 0.000000000000000e+00 9.946417808532715e-01 4.721899795532227e+01 
0.000000000000000e+00 0.000000000000000e+00 0.000000000000000e+00 1.000000000000000e+00 
src volume info
valid = 1  # volume info valid
filename = /home/freesurfer/subjects/sub-035/mri/norm.mgz
volume = 256 256 256
voxelsize = 1.000000000000000e+00 1.000000000000000e+00 1.000000000000000e+00
xras   = -1.000000119209290e+00 9.778887033462524e-09 3.725290298461914e-09
yras   = 3.725290298461914e-09 1.490116119384766e-08 -1.000000119209290e+00
zras   = 4.656612873077393e-09 1.000000119209290e+00 0.000000000000000e+00
cras   = 4.664932250976562e+00 2.792632293701172e+01 6.890182495117188e+01
dst volume info
valid = 1  # volume info valid
filename = /home/freesurfer/subjects/sub-035/mri/norm.mgz
volume = 256 256 256
voxelsize = 1.000000000000000e+00 1.000000000000000e+00 1.000000000000000e+00
xras   = -1.000000119209290e+00 9.778887033462524e-09 3.725290298461914e-09
yras   = 3.725290298461914e-09 1.490116119384766e-08 -1.000000119209290e+00
zras   = 4.656612873077393e-09 1.000000119209290e+00 0.000000000000000e+00
cras   = 4.664932250976562e+00 2.792632293701172e+01 6.890182495117188e+01
