# transform file transforms/talairach.lta
# created by root on Tue Jun  3 17:06:51 2025

type      = 0 # LINEAR_VOX_TO_VOX
nxforms   = 1
mean      = 132.0000 137.0000 109.0000
sigma     = 10000.0000
1 4 4
1.167096853256226e+00 -4.462964832782745e-02 7.675820589065552e-02 -2.878957748413086e+01 
2.042654715478420e-02 1.068724870681763e+00 3.521356582641602e-01 -6.071640777587891e+01 
-8.724053949117661e-02 -3.120018839836121e-01 9.325225949287415e-01 6.001485824584961e+01 
0.000000000000000e+00 0.000000000000000e+00 0.000000000000000e+00 1.000000000000000e+00 
src volume info
valid = 1  # volume info valid
filename = nu.mgz
volume = 256 256 256
voxelsize = 1.000000000000000e+00 1.000000000000000e+00 1.000000000000000e+00
xras   = -1.000000119209290e+00 9.778887033462524e-09 3.725290298461914e-09
yras   = 3.725290298461914e-09 1.490116119384766e-08 -1.000000119209290e+00
zras   = 4.656612873077393e-09 1.000000119209290e+00 0.000000000000000e+00
cras   = 4.664932250976562e+00 2.792632293701172e+01 6.890182495117188e+01
dst volume info
valid = 1  # volume info valid
filename = /usr/local/freesurfer/average/RB_all_2020-01-02.gca
volume = 256 256 256
voxelsize = 1.000000000000000e+00 1.000000000000000e+00 1.000000000000000e+00
xras   = -1.000000000000000e+00 0.000000000000000e+00 0.000000000000000e+00
yras   = 0.000000000000000e+00 0.000000000000000e+00 -1.000000000000000e+00
zras   = 0.000000000000000e+00 1.000000000000000e+00 0.000000000000000e+00
cras   = 0.000000000000000e+00 0.000000000000000e+00 0.000000000000000e+00
