# transform file transforms/talairach_with_skull.lta
# created by root on Tue Jun  3 16:57:22 2025

type      = 0 # LINEAR_VOX_TO_VOX
nxforms   = 1
mean      = 132.0000 134.0000 114.0000
sigma     = 10000.0000
1 4 4
1.137102842330933e+00 1.137321256101131e-02 1.392982602119446e-01 -3.928273391723633e+01 
-4.549463838338852e-02 1.155760049819946e+00 2.852017283439636e-01 -5.750977706909180e+01 
-1.138571277260780e-01 -2.445054799318314e-01 9.833967685699463e-01 4.806349182128906e+01 
0.000000000000000e+00 0.000000000000000e+00 0.000000000000000e+00 1.000000000000000e+00 
src volume info
valid = 1  # volume info valid
filename = nu.mgz
volume = 256 256 256
voxelsize = 1.000000000000000e+00 1.000000000000000e+00 1.000000000000000e+00
xras   = -1.000000119209290e+00 9.778887033462524e-09 3.725290298461914e-09
yras   = 3.725290298461914e-09 1.490116119384766e-08 -1.000000119209290e+00
zras   = 4.656612873077393e-09 1.000000119209290e+00 0.000000000000000e+00
cras   = 4.664932250976562e+00 2.792632293701172e+01 6.890182495117188e+01
dst volume info
valid = 1  # volume info valid
filename = /usr/local/freesurfer/average/RB_all_withskull_2020_01_02.gca
volume = 256 256 256
voxelsize = 1.000000000000000e+00 1.000000000000000e+00 1.000000000000000e+00
xras   = -1.000000000000000e+00 0.000000000000000e+00 0.000000000000000e+00
yras   = 0.000000000000000e+00 0.000000000000000e+00 -1.000000000000000e+00
zras   = 0.000000000000000e+00 1.000000000000000e+00 0.000000000000000e+00
cras   = 0.000000000000000e+00 0.000000000000000e+00 0.000000000000000e+00
