# transform file /home/freesurfer/subjects/sub-048/mri/transforms/cc_up.lta
# created by root on Wed Jun  4 12:00:11 2025

type      = 0 # LINEAR_VOX_TO_VOX
nxforms   = 1
mean      = 136.0000 140.0000 102.0000
sigma     = 10000.0000
1 4 4
9.819726943969727e-01 -1.236079484224319e-01 1.430060416460037e-01 -1.719575285911560e+00 
1.223176643252373e-01 9.923311471939087e-01 1.781329140067101e-02 -1.613975524902344e+01 
-1.441112160682678e-01 0.000000000000000e+00 9.895614981651306e-01 6.546552276611328e+01 
0.000000000000000e+00 0.000000000000000e+00 0.000000000000000e+00 1.000000000000000e+00 
src volume info
valid = 1  # volume info valid
filename = /home/freesurfer/subjects/sub-048/mri/norm.mgz
volume = 256 256 256
voxelsize = 1.000000000000000e+00 1.000000000000000e+00 1.000000000000000e+00
xras   = -1.000000000000000e+00 3.725290298461914e-08 0.000000000000000e+00
yras   = 0.000000000000000e+00 0.000000000000000e+00 -1.000000000000000e+00
zras   = 7.916241884231567e-09 9.999999403953552e-01 0.000000000000000e+00
cras   = 5.614898681640625e+00 3.397262573242188e+01 2.859069061279297e+01
dst volume info
valid = 1  # volume info valid
filename = /home/freesurfer/subjects/sub-048/mri/norm.mgz
volume = 256 256 256
voxelsize = 1.000000000000000e+00 1.000000000000000e+00 1.000000000000000e+00
xras   = -1.000000000000000e+00 3.725290298461914e-08 0.000000000000000e+00
yras   = 0.000000000000000e+00 0.000000000000000e+00 -1.000000000000000e+00
zras   = 7.916241884231567e-09 9.999999403953552e-01 0.000000000000000e+00
cras   = 5.614898681640625e+00 3.397262573242188e+01 2.859069061279297e+01
