# transform file transforms/talairach.lta
# created by root on Wed Jun  4 08:57:57 2025

type      = 0 # LINEAR_VOX_TO_VOX
nxforms   = 1
mean      = 136.0000 141.0000 102.0000
sigma     = 10000.0000
1 4 4
1.033206224441528e+00 -1.179917752742767e-01 1.460883319377899e-01 -1.083736896514893e+01 
5.308907851576805e-02 9.892757534980774e-01 4.204635620117188e-01 -6.060977935791016e+01 
-1.723823845386505e-01 -3.514848947525024e-01 8.600897192955017e-01 9.487857818603516e+01 
0.000000000000000e+00 0.000000000000000e+00 0.000000000000000e+00 1.000000000000000e+00 
src volume info
valid = 1  # volume info valid
filename = nu.mgz
volume = 256 256 256
voxelsize = 1.000000000000000e+00 1.000000000000000e+00 1.000000000000000e+00
xras   = -1.000000000000000e+00 3.725290298461914e-08 0.000000000000000e+00
yras   = 0.000000000000000e+00 0.000000000000000e+00 -1.000000000000000e+00
zras   = 7.916241884231567e-09 9.999999403953552e-01 0.000000000000000e+00
cras   = 5.614898681640625e+00 3.397262573242188e+01 2.859069061279297e+01
dst volume info
valid = 1  # volume info valid
filename = /usr/local/freesurfer/average/RB_all_2020-01-02.gca
volume = 256 256 256
voxelsize = 1.000000000000000e+00 1.000000000000000e+00 1.000000000000000e+00
xras   = -1.000000000000000e+00 0.000000000000000e+00 0.000000000000000e+00
yras   = 0.000000000000000e+00 0.000000000000000e+00 -1.000000000000000e+00
zras   = 0.000000000000000e+00 1.000000000000000e+00 0.000000000000000e+00
cras   = 0.000000000000000e+00 0.000000000000000e+00 0.000000000000000e+00
