# transform file transforms/talairach_with_skull.lta
# created by root on Wed Jun  4 08:47:41 2025

type      = 0 # LINEAR_VOX_TO_VOX
nxforms   = 1
mean      = 138.0000 137.0000 107.0000
sigma     = 10000.0000
1 4 4
1.045454263687134e+00 -1.064552813768387e-01 1.688942313194275e-01 -1.707794380187988e+01 
4.494082182645798e-02 1.137132763862610e+00 4.049498438835144e-01 -7.650582122802734e+01 
-1.551415175199509e-01 -2.898564934730530e-01 1.012868881225586e+00 6.503769683837891e+01 
0.000000000000000e+00 0.000000000000000e+00 0.000000000000000e+00 1.000000000000000e+00 
src volume info
valid = 1  # volume info valid
filename = nu.mgz
volume = 256 256 256
voxelsize = 1.000000000000000e+00 1.000000000000000e+00 1.000000000000000e+00
xras   = -1.000000000000000e+00 3.725290298461914e-08 0.000000000000000e+00
yras   = 0.000000000000000e+00 0.000000000000000e+00 -1.000000000000000e+00
zras   = 7.916241884231567e-09 9.999999403953552e-01 0.000000000000000e+00
cras   = 5.614898681640625e+00 3.397262573242188e+01 2.859069061279297e+01
dst volume info
valid = 1  # volume info valid
filename = /usr/local/freesurfer/average/RB_all_withskull_2020_01_02.gca
volume = 256 256 256
voxelsize = 1.000000000000000e+00 1.000000000000000e+00 1.000000000000000e+00
xras   = -1.000000000000000e+00 0.000000000000000e+00 0.000000000000000e+00
yras   = 0.000000000000000e+00 0.000000000000000e+00 -1.000000000000000e+00
zras   = 0.000000000000000e+00 1.000000000000000e+00 0.000000000000000e+00
cras   = 0.000000000000000e+00 0.000000000000000e+00 0.000000000000000e+00
