# transform file /home/freesurfer/subjects/sub-046/mri/transforms/cc_up.lta
# created by root on Wed Jun  4 01:18:36 2025

type      = 0 # LINEAR_VOX_TO_VOX
nxforms   = 1
mean      = 128.0000 142.0000 110.0000
sigma     = 10000.0000
1 4 4
9.975819587707520e-01 2.601697854697704e-02 -6.444704532623291e-02 1.633550643920898e+00 
-2.596285566687584e-02 9.996615052223206e-01 1.677285181358457e-03 6.220438480377197e+00 
6.446886807680130e-02 0.000000000000000e+00 9.979197978973389e-01 2.992073249816895e+01 
0.000000000000000e+00 0.000000000000000e+00 0.000000000000000e+00 1.000000000000000e+00 
src volume info
valid = 1  # volume info valid
filename = /home/freesurfer/subjects/sub-046/mri/norm.mgz
volume = 256 256 256
voxelsize = 1.000000000000000e+00 1.000000000000000e+00 1.000000000000000e+00
xras   = -1.000000119209290e+00 -6.984919309616089e-10 -9.313225746154785e-10
yras   = 0.000000000000000e+00 0.000000000000000e+00 -1.000000119209290e+00
zras   = 6.984919309616089e-10 1.000000119209290e+00 -1.490116119384766e-08
cras   = 3.030120849609375e+00 1.791003417968750e+01 2.929383087158203e+01
dst volume info
valid = 1  # volume info valid
filename = /home/freesurfer/subjects/sub-046/mri/norm.mgz
volume = 256 256 256
voxelsize = 1.000000000000000e+00 1.000000000000000e+00 1.000000000000000e+00
xras   = -1.000000119209290e+00 -6.984919309616089e-10 -9.313225746154785e-10
yras   = 0.000000000000000e+00 0.000000000000000e+00 -1.000000119209290e+00
zras   = 6.984919309616089e-10 1.000000119209290e+00 -1.490116119384766e-08
cras   = 3.030120849609375e+00 1.791003417968750e+01 2.929383087158203e+01
