# transform file transforms/talairach.lta
# created by root on Tue Jun  3 22:22:16 2025

type      = 0 # LINEAR_VOX_TO_VOX
nxforms   = 1
mean      = 129.0000 143.0000 110.0000
sigma     = 10000.0000
1 4 4
1.011641621589661e+00 -9.343811543658376e-04 -5.088465660810471e-02 7.030134797096252e-01 
2.445152960717678e-02 9.684291481971741e-01 5.789637565612793e-01 -7.674623107910156e+01 
4.087488725781441e-02 -5.209915637969971e-01 8.707102537155151e-01 8.304055786132812e+01 
0.000000000000000e+00 0.000000000000000e+00 0.000000000000000e+00 1.000000000000000e+00 
src volume info
valid = 1  # volume info valid
filename = nu.mgz
volume = 256 256 256
voxelsize = 1.000000000000000e+00 1.000000000000000e+00 1.000000000000000e+00
xras   = -1.000000119209290e+00 -6.984919309616089e-10 -9.313225746154785e-10
yras   = 0.000000000000000e+00 0.000000000000000e+00 -1.000000119209290e+00
zras   = 6.984919309616089e-10 1.000000119209290e+00 -1.490116119384766e-08
cras   = 3.030120849609375e+00 1.791003417968750e+01 2.929383087158203e+01
dst volume info
valid = 1  # volume info valid
filename = /usr/local/freesurfer/average/RB_all_2020-01-02.gca
volume = 256 256 256
voxelsize = 1.000000000000000e+00 1.000000000000000e+00 1.000000000000000e+00
xras   = -1.000000000000000e+00 0.000000000000000e+00 0.000000000000000e+00
yras   = 0.000000000000000e+00 0.000000000000000e+00 -1.000000000000000e+00
zras   = 0.000000000000000e+00 1.000000000000000e+00 0.000000000000000e+00
cras   = 0.000000000000000e+00 0.000000000000000e+00 0.000000000000000e+00
