# transform file transforms/talairach_with_skull.lta
# created by root on Tue Jun  3 22:12:08 2025

type      = 0 # LINEAR_VOX_TO_VOX
nxforms   = 1
mean      = 130.0000 140.0000 113.0000
sigma     = 10000.0000
1 4 4
9.853151440620422e-01 5.774029344320297e-02 -2.990552224218845e-02 -6.619797229766846e+00 
-3.012728877365589e-02 1.148518800735474e+00 5.709717273712158e-01 -9.406813812255859e+01 
4.783436655998230e-02 -4.434238672256470e-01 9.460178017616272e-01 6.137516021728516e+01 
0.000000000000000e+00 0.000000000000000e+00 0.000000000000000e+00 1.000000000000000e+00 
src volume info
valid = 1  # volume info valid
filename = nu.mgz
volume = 256 256 256
voxelsize = 1.000000000000000e+00 1.000000000000000e+00 1.000000000000000e+00
xras   = -1.000000119209290e+00 -6.984919309616089e-10 -9.313225746154785e-10
yras   = 0.000000000000000e+00 0.000000000000000e+00 -1.000000119209290e+00
zras   = 6.984919309616089e-10 1.000000119209290e+00 -1.490116119384766e-08
cras   = 3.030120849609375e+00 1.791003417968750e+01 2.929383087158203e+01
dst volume info
valid = 1  # volume info valid
filename = /usr/local/freesurfer/average/RB_all_withskull_2020_01_02.gca
volume = 256 256 256
voxelsize = 1.000000000000000e+00 1.000000000000000e+00 1.000000000000000e+00
xras   = -1.000000000000000e+00 0.000000000000000e+00 0.000000000000000e+00
yras   = 0.000000000000000e+00 0.000000000000000e+00 -1.000000000000000e+00
zras   = 0.000000000000000e+00 1.000000000000000e+00 0.000000000000000e+00
cras   = 0.000000000000000e+00 0.000000000000000e+00 0.000000000000000e+00
