type      = 1 # LINEAR_RAS_TO_RAS
nxforms   = 1
mean      = 0.0000 0.0000 0.0000
sigma     = 1.0000
1 4 4
1.030673027038574e+00 4.742199927568436e-02 -2.063999883830547e-03 -8.199920058250427e-01 
-3.283800184726715e-02 9.406849741935730e-01 4.834919869899750e-01 -2.462579345703125e+01 
-2.666000043973327e-03 -5.391060113906860e-01 9.717530012130737e-01 -1.477622985839844e+01 
0.000000000000000e+00 0.000000000000000e+00 0.000000000000000e+00 1.000000000000000e+00 
src volume info
valid = 1  # volume info valid
filename = /home/freesurfer/subjects/sub-046/mri/orig_nu.mgz
volume = 256 256 256
voxelsize = 1.000000000000000e+00 1.000000000000000e+00 1.000000000000000e+00
xras   = -1.000000119209290e+00 -6.984919309616089e-10 -9.313225746154785e-10
yras   = 0.000000000000000e+00 0.000000000000000e+00 -1.000000119209290e+00
zras   = 6.984919309616089e-10 1.000000119209290e+00 -1.490116119384766e-08
cras   = 3.030120849609375e+00 1.791003417968750e+01 2.929383087158203e+01
dst volume info
valid = 1  # volume info valid
filename = /usr/local/freesurfer/average/mni305.cor.mgz
volume = 256 256 256
voxelsize = 1.000000000000000e+00 1.000000000000000e+00 1.000000000000000e+00
xras   = -1.000000000000000e+00 0.000000000000000e+00 0.000000000000000e+00
yras   = 0.000000000000000e+00 0.000000000000000e+00 -1.000000000000000e+00
zras   = 0.000000000000000e+00 1.000000000000000e+00 0.000000000000000e+00
cras   = 0.000000000000000e+00 0.000000000000000e+00 0.000000000000000e+00
subject fsaverage
fscale 0.100000
