# transform file /home/freesurfer/subjects/sub-021/mri/transforms/cc_up.lta
# created by root on Wed May 28 22:01:51 2025

type      = 0 # LINEAR_VOX_TO_VOX
nxforms   = 1
mean      = 131.0000 142.0000 119.0000
sigma     = 10000.0000
1 4 4
9.982774853706360e-01 4.516085982322693e-02 3.745419159531593e-02 -1.153659534454346e+01 
-4.512910544872284e-02 9.989798069000244e-01 -1.693190773949027e-03 1.018138504028320e+01 
-3.749244287610054e-02 -1.164153357047226e-10 9.992970228195190e-01 3.295992279052734e+01 
0.000000000000000e+00 0.000000000000000e+00 0.000000000000000e+00 1.000000000000000e+00 
src volume info
valid = 1  # volume info valid
filename = /home/freesurfer/subjects/sub-021/mri/norm.mgz
volume = 256 256 256
voxelsize = 1.000000000000000e+00 1.000000000000000e+00 1.000000000000000e+00
xras   = -9.999999403953552e-01 -6.984919309616089e-10 0.000000000000000e+00
yras   = 0.000000000000000e+00 1.490116119384766e-08 -9.999999403953552e-01
zras   = 6.984919309616089e-10 9.999998807907104e-01 1.490116119384766e-08
cras   = 2.234580993652344e+00 1.697082519531250e+01 1.172008514404297e+01
dst volume info
valid = 1  # volume info valid
filename = /home/freesurfer/subjects/sub-021/mri/norm.mgz
volume = 256 256 256
voxelsize = 1.000000000000000e+00 1.000000000000000e+00 1.000000000000000e+00
xras   = -9.999999403953552e-01 -6.984919309616089e-10 0.000000000000000e+00
yras   = 0.000000000000000e+00 1.490116119384766e-08 -9.999999403953552e-01
zras   = 6.984919309616089e-10 9.999998807907104e-01 1.490116119384766e-08
cras   = 2.234580993652344e+00 1.697082519531250e+01 1.172008514404297e+01
