type      = 1 # LINEAR_RAS_TO_RAS
nxforms   = 1
mean      = 0.0000 0.0000 0.0000
sigma     = 1.0000
1 4 4
1.055153012275696e+00 -4.651800170540810e-02 4.180999938398600e-03 6.401100009679794e-02 
1.164299994707108e-02 9.146720170974731e-01 3.340539932250977e-01 -2.403236389160156e+01 
-3.067700006067753e-02 -3.250479996204376e-01 1.044159054756165e+00 5.780167102813721e+00 
0.000000000000000e+00 0.000000000000000e+00 0.000000000000000e+00 1.000000000000000e+00 
src volume info
valid = 1  # volume info valid
filename = /home/freesurfer/subjects/sub-021/mri/orig_nu.mgz
volume = 256 256 256
voxelsize = 1.000000000000000e+00 1.000000000000000e+00 1.000000000000000e+00
xras   = -9.999999403953552e-01 -6.984919309616089e-10 0.000000000000000e+00
yras   = 0.000000000000000e+00 1.490116119384766e-08 -9.999999403953552e-01
zras   = 6.984919309616089e-10 9.999998807907104e-01 1.490116119384766e-08
cras   = 2.234580993652344e+00 1.697082519531250e+01 1.172008514404297e+01
dst volume info
valid = 1  # volume info valid
filename = /usr/local/freesurfer/average/mni305.cor.mgz
volume = 256 256 256
voxelsize = 1.000000000000000e+00 1.000000000000000e+00 1.000000000000000e+00
xras   = -1.000000000000000e+00 0.000000000000000e+00 0.000000000000000e+00
yras   = 0.000000000000000e+00 0.000000000000000e+00 -1.000000000000000e+00
zras   = 0.000000000000000e+00 1.000000000000000e+00 0.000000000000000e+00
cras   = 0.000000000000000e+00 0.000000000000000e+00 0.000000000000000e+00
subject fsaverage
fscale 0.100000
