# transform file transforms/talairach.lta
# created by root on Wed May 28 16:55:44 2025

type      = 0 # LINEAR_VOX_TO_VOX
nxforms   = 1
mean      = 131.0000 143.0000 119.0000
sigma     = 10000.0000
1 4 4
1.048119068145752e+00 4.423785954713821e-02 7.214730232954025e-02 -2.382381248474121e+01 
-3.646783903241158e-02 1.067504048347473e+00 2.832197844982147e-01 -5.300469970703125e+01 
-6.207237765192986e-02 -2.366532981395721e-01 8.808891773223877e-01 4.871333694458008e+01 
0.000000000000000e+00 0.000000000000000e+00 0.000000000000000e+00 1.000000000000000e+00 
src volume info
valid = 1  # volume info valid
filename = nu.mgz
volume = 256 256 256
voxelsize = 1.000000000000000e+00 1.000000000000000e+00 1.000000000000000e+00
xras   = -9.999999403953552e-01 -6.984919309616089e-10 0.000000000000000e+00
yras   = 0.000000000000000e+00 1.490116119384766e-08 -9.999999403953552e-01
zras   = 6.984919309616089e-10 9.999998807907104e-01 1.490116119384766e-08
cras   = 2.234580993652344e+00 1.697082519531250e+01 1.172008514404297e+01
dst volume info
valid = 1  # volume info valid
filename = /usr/local/freesurfer/average/RB_all_2020-01-02.gca
volume = 256 256 256
voxelsize = 1.000000000000000e+00 1.000000000000000e+00 1.000000000000000e+00
xras   = -1.000000000000000e+00 0.000000000000000e+00 0.000000000000000e+00
yras   = 0.000000000000000e+00 0.000000000000000e+00 -1.000000000000000e+00
zras   = 0.000000000000000e+00 1.000000000000000e+00 0.000000000000000e+00
cras   = 0.000000000000000e+00 0.000000000000000e+00 0.000000000000000e+00
