# transform file transforms/talairach_with_skull.lta
# created by root on Wed May 28 16:37:31 2025

type      = 0 # LINEAR_VOX_TO_VOX
nxforms   = 1
mean      = 131.0000 146.0000 124.0000
sigma     = 10000.0000
1 4 4
1.021301507949829e+00 6.509508192539215e-02 5.761226266622543e-02 -2.178768157958984e+01 
-5.801956355571747e-02 1.109571099281311e+00 3.412717878818512e-01 -6.353462982177734e+01 
-2.973865717649460e-02 -2.982975840568542e-01 9.009118676185608e-01 4.950391769409180e+01 
0.000000000000000e+00 0.000000000000000e+00 0.000000000000000e+00 1.000000000000000e+00 
src volume info
valid = 1  # volume info valid
filename = nu.mgz
volume = 256 256 256
voxelsize = 1.000000000000000e+00 1.000000000000000e+00 1.000000000000000e+00
xras   = -9.999999403953552e-01 -6.984919309616089e-10 0.000000000000000e+00
yras   = 0.000000000000000e+00 1.490116119384766e-08 -9.999999403953552e-01
zras   = 6.984919309616089e-10 9.999998807907104e-01 1.490116119384766e-08
cras   = 2.234580993652344e+00 1.697082519531250e+01 1.172008514404297e+01
dst volume info
valid = 1  # volume info valid
filename = /usr/local/freesurfer/average/RB_all_withskull_2020_01_02.gca
volume = 256 256 256
voxelsize = 1.000000000000000e+00 1.000000000000000e+00 1.000000000000000e+00
xras   = -1.000000000000000e+00 0.000000000000000e+00 0.000000000000000e+00
yras   = 0.000000000000000e+00 0.000000000000000e+00 -1.000000000000000e+00
zras   = 0.000000000000000e+00 1.000000000000000e+00 0.000000000000000e+00
cras   = 0.000000000000000e+00 0.000000000000000e+00 0.000000000000000e+00
