type      = 0 # LINEAR_VOX_TO_VOX
nxforms   = 1
mean      = 0.0000 0.0000 0.0000
sigma     = 1.0000
1 4 4
1.055152893066406e+00 4.180999938398600e-03 4.651799798011780e-02 -1.523043823242188e+01 
-3.067699819803238e-02 1.044158935546875e+00 3.250479400157928e-01 -5.576475524902344e+01 
-1.164299994707108e-02 -3.340539634227753e-01 9.146718978881836e-01 5.060273742675781e+01 
0.000000000000000e+00 0.000000000000000e+00 0.000000000000000e+00 1.000000000000000e+00 
src volume info
valid = 1  # volume info valid
filename = /home/freesurfer/subjects/sub-021/mri/orig.mgz
volume = 256 256 256
voxelsize = 1.000000000000000e+00 1.000000000000000e+00 1.000000000000000e+00
xras   = -9.999999403953552e-01 -6.984919309616089e-10 0.000000000000000e+00
yras   = 0.000000000000000e+00 1.490116119384766e-08 -9.999999403953552e-01
zras   = 6.984919309616089e-10 9.999998807907104e-01 1.490116119384766e-08
cras   = 2.234580993652344e+00 1.697082519531250e+01 1.172008514404297e+01
dst volume info
valid = 1  # volume info valid
filename = /usr/local/freesurfer/average/mni305.cor.mgz
volume = 256 256 256
voxelsize = 1.000000000000000e+00 1.000000000000000e+00 1.000000000000000e+00
xras   = -1.000000000000000e+00 0.000000000000000e+00 0.000000000000000e+00
yras   = 0.000000000000000e+00 0.000000000000000e+00 -1.000000000000000e+00
zras   = 0.000000000000000e+00 1.000000000000000e+00 0.000000000000000e+00
cras   = 0.000000000000000e+00 0.000000000000000e+00 0.000000000000000e+00
subject fsaverage
fscale 0.100000
