# transform file /home/freesurfer/subjects/sub-018/mri/transforms/cc_up.lta
# created by root on Fri May 30 16:12:00 2025

type      = 0 # LINEAR_VOX_TO_VOX
nxforms   = 1
mean      = 130.0000 141.0000 118.0000
sigma     = 10000.0000
1 4 4
9.997688531875610e-01 -2.819204470142722e-03 -2.131392247974873e-02 2.151998519897461e+00 
2.818563953042030e-03 9.999960660934448e-01 -6.008854325045832e-05 1.264475059509277e+01 
2.131400629878044e-02 0.000000000000000e+00 9.997727870941162e-01 2.628765106201172e+01 
0.000000000000000e+00 0.000000000000000e+00 0.000000000000000e+00 1.000000000000000e+00 
src volume info
valid = 1  # volume info valid
filename = /home/freesurfer/subjects/sub-018/mri/norm.mgz
volume = 256 256 256
voxelsize = 1.000000000000000e+00 1.000000000000000e+00 1.000000000000000e+00
xras   = -1.000000000000000e+00 0.000000000000000e+00 1.862645149230957e-09
yras   = 1.862645149230957e-09 -1.490116119384766e-08 -9.999999403953552e-01
zras   = 0.000000000000000e+00 9.999999403953552e-01 1.490116119384766e-08
cras   = 2.316207885742188e-01 -1.208146667480469e+01 1.094277954101562e+01
dst volume info
valid = 1  # volume info valid
filename = /home/freesurfer/subjects/sub-018/mri/norm.mgz
volume = 256 256 256
voxelsize = 1.000000000000000e+00 1.000000000000000e+00 1.000000000000000e+00
xras   = -1.000000000000000e+00 0.000000000000000e+00 1.862645149230957e-09
yras   = 1.862645149230957e-09 -1.490116119384766e-08 -9.999999403953552e-01
zras   = 0.000000000000000e+00 9.999999403953552e-01 1.490116119384766e-08
cras   = 2.316207885742188e-01 -1.208146667480469e+01 1.094277954101562e+01
