type      = 0 # LINEAR_VOX_TO_VOX
nxforms   = 1
mean      = 0.0000 0.0000 0.0000
sigma     = 1.0000
1 4 4
1.066210985183716e+00 -3.187399730086327e-02 -2.867599762976170e-02 -2.504821777343750e+00 
9.096997790038586e-03 1.011800885200500e+00 3.019749522209167e-01 -4.971614074707031e+01 
2.061999961733818e-02 -3.630209565162659e-01 9.245779514312744e-01 4.930799102783203e+01 
0.000000000000000e+00 0.000000000000000e+00 0.000000000000000e+00 1.000000000000000e+00 
src volume info
valid = 1  # volume info valid
filename = /home/freesurfer/subjects/sub-018/mri/orig.mgz
volume = 256 256 256
voxelsize = 1.000000000000000e+00 1.000000000000000e+00 1.000000000000000e+00
xras   = -1.000000000000000e+00 0.000000000000000e+00 1.862645149230957e-09
yras   = 1.862645149230957e-09 -1.490116119384766e-08 -9.999999403953552e-01
zras   = 0.000000000000000e+00 9.999999403953552e-01 1.490116119384766e-08
cras   = 2.316207885742188e-01 -1.208146667480469e+01 1.094277954101562e+01
dst volume info
valid = 1  # volume info valid
filename = /usr/local/freesurfer/average/mni305.cor.mgz
volume = 256 256 256
voxelsize = 1.000000000000000e+00 1.000000000000000e+00 1.000000000000000e+00
xras   = -1.000000000000000e+00 0.000000000000000e+00 0.000000000000000e+00
yras   = 0.000000000000000e+00 0.000000000000000e+00 -1.000000000000000e+00
zras   = 0.000000000000000e+00 1.000000000000000e+00 0.000000000000000e+00
cras   = 0.000000000000000e+00 0.000000000000000e+00 0.000000000000000e+00
subject fsaverage
fscale 0.100000
