# transform file transforms/talairach.lta
# created by root on Fri May 30 13:04:50 2025

type      = 0 # LINEAR_VOX_TO_VOX
nxforms   = 1
mean      = 130.0000 141.0000 118.0000
sigma     = 10000.0000
1 4 4
1.037371277809143e+00 1.687804423272610e-02 3.459932515397668e-03 -1.079925727844238e+01 
-1.757104136049747e-02 1.053954482078552e+00 2.824826836585999e-01 -4.872932434082031e+01 
1.112846424803138e-03 -2.487801909446716e-01 9.288575649261475e-01 3.579071044921875e+01 
0.000000000000000e+00 0.000000000000000e+00 0.000000000000000e+00 1.000000000000000e+00 
src volume info
valid = 1  # volume info valid
filename = nu.mgz
volume = 256 256 256
voxelsize = 1.000000000000000e+00 1.000000000000000e+00 1.000000000000000e+00
xras   = -1.000000000000000e+00 0.000000000000000e+00 1.862645149230957e-09
yras   = 1.862645149230957e-09 -1.490116119384766e-08 -9.999999403953552e-01
zras   = 0.000000000000000e+00 9.999999403953552e-01 1.490116119384766e-08
cras   = 2.316207885742188e-01 -1.208146667480469e+01 1.094277954101562e+01
dst volume info
valid = 1  # volume info valid
filename = /usr/local/freesurfer/average/RB_all_2020-01-02.gca
volume = 256 256 256
voxelsize = 1.000000000000000e+00 1.000000000000000e+00 1.000000000000000e+00
xras   = -1.000000000000000e+00 0.000000000000000e+00 0.000000000000000e+00
yras   = 0.000000000000000e+00 0.000000000000000e+00 -1.000000000000000e+00
zras   = 0.000000000000000e+00 1.000000000000000e+00 0.000000000000000e+00
cras   = 0.000000000000000e+00 0.000000000000000e+00 0.000000000000000e+00
