# transform file transforms/talairach_with_skull.lta
# created by root on Fri May 30 12:56:12 2025

type      = 0 # LINEAR_VOX_TO_VOX
nxforms   = 1
mean      = 132.0000 139.0000 121.0000
sigma     = 10000.0000
1 4 4
1.019771456718445e+00 -4.949308000504971e-03 -1.718977466225624e-02 -3.994740962982178e+00 
8.197023533284664e-03 1.159227609634399e+00 3.338329195976257e-01 -7.314583587646484e+01 
1.670702174305916e-02 -2.686220407485962e-01 8.871417641639709e-01 4.173469924926758e+01 
0.000000000000000e+00 0.000000000000000e+00 0.000000000000000e+00 1.000000000000000e+00 
src volume info
valid = 1  # volume info valid
filename = nu.mgz
volume = 256 256 256
voxelsize = 1.000000000000000e+00 1.000000000000000e+00 1.000000000000000e+00
xras   = -1.000000000000000e+00 0.000000000000000e+00 1.862645149230957e-09
yras   = 1.862645149230957e-09 -1.490116119384766e-08 -9.999999403953552e-01
zras   = 0.000000000000000e+00 9.999999403953552e-01 1.490116119384766e-08
cras   = 2.316207885742188e-01 -1.208146667480469e+01 1.094277954101562e+01
dst volume info
valid = 1  # volume info valid
filename = /usr/local/freesurfer/average/RB_all_withskull_2020_01_02.gca
volume = 256 256 256
voxelsize = 1.000000000000000e+00 1.000000000000000e+00 1.000000000000000e+00
xras   = -1.000000000000000e+00 0.000000000000000e+00 0.000000000000000e+00
yras   = 0.000000000000000e+00 0.000000000000000e+00 -1.000000000000000e+00
zras   = 0.000000000000000e+00 1.000000000000000e+00 0.000000000000000e+00
cras   = 0.000000000000000e+00 0.000000000000000e+00 0.000000000000000e+00
