# transform file /home/freesurfer/subjects/sub-025/mri/transforms/cc_up.lta
# created by root on Thu May 29 21:36:17 2025

type      = 0 # LINEAR_VOX_TO_VOX
nxforms   = 1
mean      = 132.0000 137.0000 105.0000
sigma     = 10000.0000
1 4 4
9.957178235054016e-01 -6.079944223165512e-02 6.963836401700974e-02 -3.082465410232544e+00 
6.065129116177559e-02 9.981500506401062e-01 4.241821356117725e-03 4.802345275878906e+00 
-6.976743787527084e-02 -4.656612873077393e-10 9.975633025169373e-01 4.444735336303711e+01 
0.000000000000000e+00 0.000000000000000e+00 0.000000000000000e+00 1.000000000000000e+00 
src volume info
valid = 1  # volume info valid
filename = /home/freesurfer/subjects/sub-025/mri/norm.mgz
volume = 256 256 256
voxelsize = 1.000000000000000e+00 1.000000000000000e+00 1.000000000000000e+00
xras   = -1.000000119209290e+00 1.862645149230957e-09 7.450580596923828e-09
yras   = 7.450580596923828e-09 0.000000000000000e+00 -1.000000119209290e+00
zras   = 1.862645149230957e-09 1.000000119209290e+00 1.490116119384766e-08
cras   = 5.770233154296875e+00 1.649398803710938e+01 4.916740036010742e+01
dst volume info
valid = 1  # volume info valid
filename = /home/freesurfer/subjects/sub-025/mri/norm.mgz
volume = 256 256 256
voxelsize = 1.000000000000000e+00 1.000000000000000e+00 1.000000000000000e+00
xras   = -1.000000119209290e+00 1.862645149230957e-09 7.450580596923828e-09
yras   = 7.450580596923828e-09 0.000000000000000e+00 -1.000000119209290e+00
zras   = 1.862645149230957e-09 1.000000119209290e+00 1.490116119384766e-08
cras   = 5.770233154296875e+00 1.649398803710938e+01 4.916740036010742e+01
