# transform file transforms/talairach.lta
# created by root on Thu May 29 18:36:32 2025

type      = 0 # LINEAR_VOX_TO_VOX
nxforms   = 1
mean      = 133.0000 137.0000 105.0000
sigma     = 10000.0000
1 4 4
1.024171829223633e+00 -1.310286968946457e-01 7.868575304746628e-02 -2.291025400161743e+00 
5.724370107054710e-02 9.853488802909851e-01 4.926622211933136e-01 -6.508061218261719e+01 
-1.468749642372131e-01 -5.067219138145447e-01 8.996475338935852e-01 9.949007415771484e+01 
0.000000000000000e+00 0.000000000000000e+00 0.000000000000000e+00 1.000000000000000e+00 
src volume info
valid = 1  # volume info valid
filename = nu.mgz
volume = 256 256 256
voxelsize = 1.000000000000000e+00 1.000000000000000e+00 1.000000000000000e+00
xras   = -1.000000119209290e+00 1.862645149230957e-09 7.450580596923828e-09
yras   = 7.450580596923828e-09 0.000000000000000e+00 -1.000000119209290e+00
zras   = 1.862645149230957e-09 1.000000119209290e+00 1.490116119384766e-08
cras   = 5.770233154296875e+00 1.649398803710938e+01 4.916740036010742e+01
dst volume info
valid = 1  # volume info valid
filename = /usr/local/freesurfer/average/RB_all_2020-01-02.gca
volume = 256 256 256
voxelsize = 1.000000000000000e+00 1.000000000000000e+00 1.000000000000000e+00
xras   = -1.000000000000000e+00 0.000000000000000e+00 0.000000000000000e+00
yras   = 0.000000000000000e+00 0.000000000000000e+00 -1.000000000000000e+00
zras   = 0.000000000000000e+00 1.000000000000000e+00 0.000000000000000e+00
cras   = 0.000000000000000e+00 0.000000000000000e+00 0.000000000000000e+00
