type      = 0 # LINEAR_VOX_TO_VOX
nxforms   = 1
mean      = 0.0000 0.0000 0.0000
sigma     = 1.0000
1 4 4
1.061326146125793e+00 -6.773601472377777e-02 6.704900413751602e-02 -1.108984375000000e+01 
1.103999465703964e-02 1.034804105758667e+00 4.838680326938629e-01 -6.583602905273438e+01 
-1.661980152130127e-01 -4.276330471038818e-01 9.749761223793030e-01 8.316734313964844e+01 
0.000000000000000e+00 0.000000000000000e+00 0.000000000000000e+00 1.000000000000000e+00 
src volume info
valid = 1  # volume info valid
filename = /home/freesurfer/subjects/sub-025/mri/orig.mgz
volume = 256 256 256
voxelsize = 1.000000000000000e+00 1.000000000000000e+00 1.000000000000000e+00
xras   = -1.000000119209290e+00 1.862645149230957e-09 7.450580596923828e-09
yras   = 7.450580596923828e-09 0.000000000000000e+00 -1.000000119209290e+00
zras   = 1.862645149230957e-09 1.000000119209290e+00 1.490116119384766e-08
cras   = 5.770233154296875e+00 1.649398803710938e+01 4.916740036010742e+01
dst volume info
valid = 1  # volume info valid
filename = /usr/local/freesurfer/average/mni305.cor.mgz
volume = 256 256 256
voxelsize = 1.000000000000000e+00 1.000000000000000e+00 1.000000000000000e+00
xras   = -1.000000000000000e+00 0.000000000000000e+00 0.000000000000000e+00
yras   = 0.000000000000000e+00 0.000000000000000e+00 -1.000000000000000e+00
zras   = 0.000000000000000e+00 1.000000000000000e+00 0.000000000000000e+00
cras   = 0.000000000000000e+00 0.000000000000000e+00 0.000000000000000e+00
subject fsaverage
fscale 0.100000
