# transform file transforms/talairach_with_skull.lta
# created by root on Thu May 29 18:23:43 2025

type      = 0 # LINEAR_VOX_TO_VOX
nxforms   = 1
mean      = 133.0000 135.0000 111.0000
sigma     = 10000.0000
1 4 4
1.066991090774536e+00 -7.390491664409637e-02 6.910563260316849e-02 -1.376725578308105e+01 
2.938614785671234e-02 1.058842539787292e+00 4.969084560871124e-01 -7.498680114746094e+01 
-5.592510476708412e-02 -4.740924537181854e-01 9.932174086570740e-01 6.946272277832031e+01 
0.000000000000000e+00 0.000000000000000e+00 0.000000000000000e+00 1.000000000000000e+00 
src volume info
valid = 1  # volume info valid
filename = nu.mgz
volume = 256 256 256
voxelsize = 1.000000000000000e+00 1.000000000000000e+00 1.000000000000000e+00
xras   = -1.000000119209290e+00 1.862645149230957e-09 7.450580596923828e-09
yras   = 7.450580596923828e-09 0.000000000000000e+00 -1.000000119209290e+00
zras   = 1.862645149230957e-09 1.000000119209290e+00 1.490116119384766e-08
cras   = 5.770233154296875e+00 1.649398803710938e+01 4.916740036010742e+01
dst volume info
valid = 1  # volume info valid
filename = /usr/local/freesurfer/average/RB_all_withskull_2020_01_02.gca
volume = 256 256 256
voxelsize = 1.000000000000000e+00 1.000000000000000e+00 1.000000000000000e+00
xras   = -1.000000000000000e+00 0.000000000000000e+00 0.000000000000000e+00
yras   = 0.000000000000000e+00 0.000000000000000e+00 -1.000000000000000e+00
zras   = 0.000000000000000e+00 1.000000000000000e+00 0.000000000000000e+00
cras   = 0.000000000000000e+00 0.000000000000000e+00 0.000000000000000e+00
