# transform file /home/freesurfer/subjects/sub-011/mri/transforms/cc_up.lta
# created by root on Wed May 28 21:56:20 2025

type      = 0 # LINEAR_VOX_TO_VOX
nxforms   = 1
mean      = 129.0000 126.0000 108.0000
sigma     = 10000.0000
1 4 4
9.995965957641602e-01 1.444742549210787e-02 -2.444920688867569e-02 1.979428291320801e+00 
-1.444310601800680e-02 9.998955726623535e-01 3.532650298438966e-04 2.282413864135742e+01 
2.445175871253014e-02 0.000000000000000e+00 9.997009634971619e-01 2.790167427062988e+01 
0.000000000000000e+00 0.000000000000000e+00 0.000000000000000e+00 1.000000000000000e+00 
src volume info
valid = 1  # volume info valid
filename = /home/freesurfer/subjects/sub-011/mri/norm.mgz
volume = 256 256 256
voxelsize = 1.000000000000000e+00 1.000000000000000e+00 1.000000000000000e+00
xras   = -1.000000119209290e+00 2.299202606081963e-09 -9.313225746154785e-10
yras   = 9.313225746154785e-10 0.000000000000000e+00 -1.000000000000000e+00
zras   = 1.396983861923218e-09 9.999999403953552e-01 0.000000000000000e+00
cras   = -2.999069213867188e+00 2.859280395507812e+01 1.220738220214844e+01
dst volume info
valid = 1  # volume info valid
filename = /home/freesurfer/subjects/sub-011/mri/norm.mgz
volume = 256 256 256
voxelsize = 1.000000000000000e+00 1.000000000000000e+00 1.000000000000000e+00
xras   = -1.000000119209290e+00 2.299202606081963e-09 -9.313225746154785e-10
yras   = 9.313225746154785e-10 0.000000000000000e+00 -1.000000000000000e+00
zras   = 1.396983861923218e-09 9.999999403953552e-01 0.000000000000000e+00
cras   = -2.999069213867188e+00 2.859280395507812e+01 1.220738220214844e+01
