# transform file transforms/talairach_with_skull.lta
# created by root on Wed May 28 16:37:40 2025

type      = 0 # LINEAR_VOX_TO_VOX
nxforms   = 1
mean      = 128.0000 132.0000 111.0000
sigma     = 10000.0000
1 4 4
1.083652615547180e+00 9.390948689542711e-04 -8.746430277824402e-03 -1.225291728973389e+01 
-3.972273043473251e-05 1.227426528930664e+00 1.050208881497383e-01 -4.125807571411133e+01 
9.123296476900578e-03 -1.165905520319939e-01 1.031266450881958e+00 1.173177814483643e+01 
0.000000000000000e+00 0.000000000000000e+00 0.000000000000000e+00 1.000000000000000e+00 
src volume info
valid = 1  # volume info valid
filename = nu.mgz
volume = 256 256 256
voxelsize = 1.000000000000000e+00 1.000000000000000e+00 1.000000000000000e+00
xras   = -1.000000119209290e+00 2.299202606081963e-09 -9.313225746154785e-10
yras   = 9.313225746154785e-10 0.000000000000000e+00 -1.000000000000000e+00
zras   = 1.396983861923218e-09 9.999999403953552e-01 0.000000000000000e+00
cras   = -2.999069213867188e+00 2.859280395507812e+01 1.220738220214844e+01
dst volume info
valid = 1  # volume info valid
filename = /usr/local/freesurfer/average/RB_all_withskull_2020_01_02.gca
volume = 256 256 256
voxelsize = 1.000000000000000e+00 1.000000000000000e+00 1.000000000000000e+00
xras   = -1.000000000000000e+00 0.000000000000000e+00 0.000000000000000e+00
yras   = 0.000000000000000e+00 0.000000000000000e+00 -1.000000000000000e+00
zras   = 0.000000000000000e+00 1.000000000000000e+00 0.000000000000000e+00
cras   = 0.000000000000000e+00 0.000000000000000e+00 0.000000000000000e+00
