# transform file transforms/talairach.lta
# created by root on Wed May 28 16:53:20 2025

type      = 0 # LINEAR_VOX_TO_VOX
nxforms   = 1
mean      = 129.0000 126.0000 107.0000
sigma     = 10000.0000
1 4 4
1.087078094482422e+00 1.648995280265808e-02 -6.828103214502335e-03 -1.464118385314941e+01 
-2.052062749862671e-02 1.124381899833679e+00 1.116903349757195e-01 -2.872870063781738e+01 
8.819023147225380e-03 -1.371161341667175e-01 1.029350876808167e+00 1.450810050964355e+01 
0.000000000000000e+00 0.000000000000000e+00 0.000000000000000e+00 1.000000000000000e+00 
src volume info
valid = 1  # volume info valid
filename = nu.mgz
volume = 256 256 256
voxelsize = 1.000000000000000e+00 1.000000000000000e+00 1.000000000000000e+00
xras   = -1.000000119209290e+00 2.299202606081963e-09 -9.313225746154785e-10
yras   = 9.313225746154785e-10 0.000000000000000e+00 -1.000000000000000e+00
zras   = 1.396983861923218e-09 9.999999403953552e-01 0.000000000000000e+00
cras   = -2.999069213867188e+00 2.859280395507812e+01 1.220738220214844e+01
dst volume info
valid = 1  # volume info valid
filename = /usr/local/freesurfer/average/RB_all_2020-01-02.gca
volume = 256 256 256
voxelsize = 1.000000000000000e+00 1.000000000000000e+00 1.000000000000000e+00
xras   = -1.000000000000000e+00 0.000000000000000e+00 0.000000000000000e+00
yras   = 0.000000000000000e+00 0.000000000000000e+00 -1.000000000000000e+00
zras   = 0.000000000000000e+00 1.000000000000000e+00 0.000000000000000e+00
cras   = 0.000000000000000e+00 0.000000000000000e+00 0.000000000000000e+00
