type      = 0 # LINEAR_VOX_TO_VOX
nxforms   = 1
mean      = 0.0000 0.0000 0.0000
sigma     = 1.0000
1 4 4
1.109687089920044e+00 -1.998200267553329e-02 -2.205600030720234e-02 -9.660140991210938e+00 
7.400013273581862e-04 1.084028005599976e+00 9.864899516105652e-02 -2.360691833496094e+01 
-3.192998468875885e-03 -1.966720074415207e-01 1.055604934692383e+00 2.245266723632812e+01 
0.000000000000000e+00 0.000000000000000e+00 0.000000000000000e+00 1.000000000000000e+00 
src volume info
valid = 1  # volume info valid
filename = /home/freesurfer/subjects/sub-011/mri/orig.mgz
volume = 256 256 256
voxelsize = 1.000000000000000e+00 1.000000000000000e+00 1.000000000000000e+00
xras   = -1.000000119209290e+00 2.299202606081963e-09 -9.313225746154785e-10
yras   = 9.313225746154785e-10 0.000000000000000e+00 -1.000000000000000e+00
zras   = 1.396983861923218e-09 9.999999403953552e-01 0.000000000000000e+00
cras   = -2.999069213867188e+00 2.859280395507812e+01 1.220738220214844e+01
dst volume info
valid = 1  # volume info valid
filename = /usr/local/freesurfer/average/mni305.cor.mgz
volume = 256 256 256
voxelsize = 1.000000000000000e+00 1.000000000000000e+00 1.000000000000000e+00
xras   = -1.000000000000000e+00 0.000000000000000e+00 0.000000000000000e+00
yras   = 0.000000000000000e+00 0.000000000000000e+00 -1.000000000000000e+00
zras   = 0.000000000000000e+00 1.000000000000000e+00 0.000000000000000e+00
cras   = 0.000000000000000e+00 0.000000000000000e+00 0.000000000000000e+00
subject fsaverage
fscale 0.100000
