# transform file /home/freesurfer/subjects/sub-028/mri/transforms/cc_up.lta
# created by root on Fri May 30 16:13:34 2025

type      = 0 # LINEAR_VOX_TO_VOX
nxforms   = 1
mean      = 129.0000 144.0000 117.0000
sigma     = 10000.0000
1 4 4
9.922991991043091e-01 1.062626391649246e-01 6.364396959543228e-02 -2.259702110290527e+01 
-1.060447469353676e-01 9.943380951881409e-01 -6.801485549658537e-03 1.435941314697266e+01 
-6.400636583566666e-02 0.000000000000000e+00 9.979495406150818e-01 3.762635040283203e+01 
0.000000000000000e+00 0.000000000000000e+00 0.000000000000000e+00 1.000000000000000e+00 
src volume info
valid = 1  # volume info valid
filename = /home/freesurfer/subjects/sub-028/mri/norm.mgz
volume = 256 256 256
voxelsize = 1.000000000000000e+00 1.000000000000000e+00 1.000000000000000e+00
xras   = -1.000000119209290e+00 9.313225746154785e-09 -7.450580596923828e-09
yras   = 0.000000000000000e+00 0.000000000000000e+00 -1.000000000000000e+00
zras   = 3.725290298461914e-09 1.000000000000000e+00 -2.980232238769531e-08
cras   = 2.786369323730469e+00 1.958024597167969e+01 -7.021736145019531e+00
dst volume info
valid = 1  # volume info valid
filename = /home/freesurfer/subjects/sub-028/mri/norm.mgz
volume = 256 256 256
voxelsize = 1.000000000000000e+00 1.000000000000000e+00 1.000000000000000e+00
xras   = -1.000000119209290e+00 9.313225746154785e-09 -7.450580596923828e-09
yras   = 0.000000000000000e+00 0.000000000000000e+00 -1.000000000000000e+00
zras   = 3.725290298461914e-09 1.000000000000000e+00 -2.980232238769531e-08
cras   = 2.786369323730469e+00 1.958024597167969e+01 -7.021736145019531e+00
