# transform file /home/freesurfer/subjects/sub-015/mri/transforms/cc_up.lta
# created by root on Thu May 29 22:54:10 2025

type      = 0 # LINEAR_VOX_TO_VOX
nxforms   = 1
mean      = 129.0000 134.0000 104.0000
sigma     = 10000.0000
1 4 4
9.983151555061340e-01 -4.133396595716476e-02 4.072351753711700e-02 7.598150372505188e-01 
4.129961878061295e-02 9.991453886032104e-01 1.684704213403165e-03 1.064036178588867e+01 
-4.075835272669792e-02 0.000000000000000e+00 9.991690516471863e-01 4.130734252929688e+01 
0.000000000000000e+00 0.000000000000000e+00 0.000000000000000e+00 1.000000000000000e+00 
src volume info
valid = 1  # volume info valid
filename = /home/freesurfer/subjects/sub-015/mri/norm.mgz
volume = 256 256 256
voxelsize = 1.000000000000000e+00 1.000000000000000e+00 1.000000000000000e+00
xras   = -1.000000000000000e+00 0.000000000000000e+00 0.000000000000000e+00
yras   = 0.000000000000000e+00 0.000000000000000e+00 -1.000000000000000e+00
zras   = 0.000000000000000e+00 1.000000000000000e+00 0.000000000000000e+00
cras   = 5.165481567382812e+00 4.265350341796875e+01 5.792779922485352e+01
dst volume info
valid = 1  # volume info valid
filename = /home/freesurfer/subjects/sub-015/mri/norm.mgz
volume = 256 256 256
voxelsize = 1.000000000000000e+00 1.000000000000000e+00 1.000000000000000e+00
xras   = -1.000000000000000e+00 0.000000000000000e+00 0.000000000000000e+00
yras   = 0.000000000000000e+00 0.000000000000000e+00 -1.000000000000000e+00
zras   = 0.000000000000000e+00 1.000000000000000e+00 0.000000000000000e+00
cras   = 5.165481567382812e+00 4.265350341796875e+01 5.792779922485352e+01
