# transform file /home/freesurfer/subjects/sub-042/mri/transforms/cc_up.lta
# created by root on Tue Jun  3 03:51:38 2025

type      = 0 # LINEAR_VOX_TO_VOX
nxforms   = 1
mean      = 130.0000 138.0000 109.0000
sigma     = 10000.0000
1 4 4
9.941481947898865e-01 4.569058865308762e-02 9.788744896650314e-02 -1.856012535095215e+01 
-4.547069966793060e-02 9.989557266235352e-01 -4.477210342884064e-03 1.357692432403564e+01 
-9.798978269100189e-02 -4.656613428188905e-10 9.951875805854797e-01 5.146578216552734e+01 
0.000000000000000e+00 0.000000000000000e+00 0.000000000000000e+00 1.000000000000000e+00 
src volume info
valid = 1  # volume info valid
filename = /home/freesurfer/subjects/sub-042/mri/norm.mgz
volume = 256 256 256
voxelsize = 1.000000000000000e+00 1.000000000000000e+00 1.000000000000000e+00
xras   = -9.999999403953552e-01 0.000000000000000e+00 0.000000000000000e+00
yras   = 0.000000000000000e+00 -7.450580596923828e-09 -9.999999403953552e-01
zras   = -2.328306436538696e-10 1.000000000000000e+00 7.450580596923828e-09
cras   = 6.775268554687500e+00 2.826303863525391e+01 2.290940856933594e+01
dst volume info
valid = 1  # volume info valid
filename = /home/freesurfer/subjects/sub-042/mri/norm.mgz
volume = 256 256 256
voxelsize = 1.000000000000000e+00 1.000000000000000e+00 1.000000000000000e+00
xras   = -9.999999403953552e-01 0.000000000000000e+00 0.000000000000000e+00
yras   = 0.000000000000000e+00 -7.450580596923828e-09 -9.999999403953552e-01
zras   = -2.328306436538696e-10 1.000000000000000e+00 7.450580596923828e-09
cras   = 6.775268554687500e+00 2.826303863525391e+01 2.290940856933594e+01
