# transform file transforms/talairach.lta
# created by root on Tue Jun  3 00:44:43 2025

type      = 0 # LINEAR_VOX_TO_VOX
nxforms   = 1
mean      = 130.0000 139.0000 109.0000
sigma     = 10000.0000
1 4 4
9.535283446311951e-01 1.053661387413740e-02 9.937088936567307e-02 -1.066285514831543e+01 
-4.291711002588272e-02 1.069288492202759e+00 3.498904705047607e-01 -5.370688629150391e+01 
-1.318079382181168e-01 -3.322579264640808e-01 9.038191437721252e-01 7.269255828857422e+01 
0.000000000000000e+00 0.000000000000000e+00 0.000000000000000e+00 1.000000000000000e+00 
src volume info
valid = 1  # volume info valid
filename = nu.mgz
volume = 256 256 256
voxelsize = 1.000000000000000e+00 1.000000000000000e+00 1.000000000000000e+00
xras   = -9.999999403953552e-01 0.000000000000000e+00 0.000000000000000e+00
yras   = 0.000000000000000e+00 -7.450580596923828e-09 -9.999999403953552e-01
zras   = -2.328306436538696e-10 1.000000000000000e+00 7.450580596923828e-09
cras   = 6.775268554687500e+00 2.826303863525391e+01 2.290940856933594e+01
dst volume info
valid = 1  # volume info valid
filename = /usr/local/freesurfer/average/RB_all_2020-01-02.gca
volume = 256 256 256
voxelsize = 1.000000000000000e+00 1.000000000000000e+00 1.000000000000000e+00
xras   = -1.000000000000000e+00 0.000000000000000e+00 0.000000000000000e+00
yras   = 0.000000000000000e+00 0.000000000000000e+00 -1.000000000000000e+00
zras   = 0.000000000000000e+00 1.000000000000000e+00 0.000000000000000e+00
cras   = 0.000000000000000e+00 0.000000000000000e+00 0.000000000000000e+00
