# transform file transforms/talairach_with_skull.lta
# created by root on Tue Jun  3 00:36:16 2025

type      = 0 # LINEAR_VOX_TO_VOX
nxforms   = 1
mean      = 126.0000 133.0000 114.0000
sigma     = 10000.0000
1 4 4
9.712082147598267e-01 6.676154583692551e-02 9.879338741302490e-02 -2.138046455383301e+01 
-7.543373107910156e-02 1.222925186157227e+00 3.386432826519012e-01 -6.789293670654297e+01 
-3.895906358957291e-02 -2.524960041046143e-01 9.369458556175232e-01 4.617947387695312e+01 
0.000000000000000e+00 0.000000000000000e+00 0.000000000000000e+00 1.000000000000000e+00 
src volume info
valid = 1  # volume info valid
filename = nu.mgz
volume = 256 256 256
voxelsize = 1.000000000000000e+00 1.000000000000000e+00 1.000000000000000e+00
xras   = -9.999999403953552e-01 0.000000000000000e+00 0.000000000000000e+00
yras   = 0.000000000000000e+00 -7.450580596923828e-09 -9.999999403953552e-01
zras   = -2.328306436538696e-10 1.000000000000000e+00 7.450580596923828e-09
cras   = 6.775268554687500e+00 2.826303863525391e+01 2.290940856933594e+01
dst volume info
valid = 1  # volume info valid
filename = /usr/local/freesurfer/average/RB_all_withskull_2020_01_02.gca
volume = 256 256 256
voxelsize = 1.000000000000000e+00 1.000000000000000e+00 1.000000000000000e+00
xras   = -1.000000000000000e+00 0.000000000000000e+00 0.000000000000000e+00
yras   = 0.000000000000000e+00 0.000000000000000e+00 -1.000000000000000e+00
zras   = 0.000000000000000e+00 1.000000000000000e+00 0.000000000000000e+00
cras   = 0.000000000000000e+00 0.000000000000000e+00 0.000000000000000e+00
