# transform file /home/freesurfer/subjects/sub-013/mri/transforms/cc_up.lta
# created by root on Thu May 29 11:05:20 2025

type      = 0 # LINEAR_VOX_TO_VOX
nxforms   = 1
mean      = 130.0000 127.0000 100.0000
sigma     = 10000.0000
1 4 4
9.999640583992004e-01 6.977021694183350e-03 -4.819157999008894e-03 -1.279733419418335e+00 
-6.976940669119358e-03 9.999756813049316e-01 3.362419010954909e-05 2.390644073486328e+01 
4.819275345653296e-03 -3.637978807091713e-12 9.999884366989136e-01 3.437457656860352e+01 
0.000000000000000e+00 0.000000000000000e+00 0.000000000000000e+00 1.000000000000000e+00 
src volume info
valid = 1  # volume info valid
filename = /home/freesurfer/subjects/sub-013/mri/norm.mgz
volume = 256 256 256
voxelsize = 1.000000000000000e+00 1.000000000000000e+00 1.000000000000000e+00
xras   = -9.999998807907104e-01 4.365574568510056e-10 9.313225746154785e-10
yras   = 9.313225746154785e-10 4.656612873077393e-10 -9.999998807907104e-01
zras   = 4.001776687800884e-11 9.999999403953552e-01 -4.656612873077393e-10
cras   = 4.764328002929688e-01 2.391370391845703e+01 2.101414489746094e+01
dst volume info
valid = 1  # volume info valid
filename = /home/freesurfer/subjects/sub-013/mri/norm.mgz
volume = 256 256 256
voxelsize = 1.000000000000000e+00 1.000000000000000e+00 1.000000000000000e+00
xras   = -9.999998807907104e-01 4.365574568510056e-10 9.313225746154785e-10
yras   = 9.313225746154785e-10 4.656612873077393e-10 -9.999998807907104e-01
zras   = 4.001776687800884e-11 9.999999403953552e-01 -4.656612873077393e-10
cras   = 4.764328002929688e-01 2.391370391845703e+01 2.101414489746094e+01
