# transform file transforms/talairach.lta
# created by root on Thu May 29 08:06:09 2025

type      = 0 # LINEAR_VOX_TO_VOX
nxforms   = 1
mean      = 130.0000 127.0000 100.0000
sigma     = 10000.0000
1 4 4
1.067421197891235e+00 -6.916980259120464e-03 -1.104300469160080e-02 -1.053016662597656e+01 
8.753482252359390e-03 1.135944604873657e+00 3.134373724460602e-01 -4.529306793212891e+01 
8.723084814846516e-03 -2.874914109706879e-01 1.035814285278320e+00 3.887705230712891e+01 
0.000000000000000e+00 0.000000000000000e+00 0.000000000000000e+00 1.000000000000000e+00 
src volume info
valid = 1  # volume info valid
filename = nu.mgz
volume = 256 256 256
voxelsize = 1.000000000000000e+00 1.000000000000000e+00 1.000000000000000e+00
xras   = -9.999998807907104e-01 4.365574568510056e-10 9.313225746154785e-10
yras   = 9.313225746154785e-10 4.656612873077393e-10 -9.999998807907104e-01
zras   = 4.001776687800884e-11 9.999999403953552e-01 -4.656612873077393e-10
cras   = 4.764328002929688e-01 2.391370391845703e+01 2.101414489746094e+01
dst volume info
valid = 1  # volume info valid
filename = /usr/local/freesurfer/average/RB_all_2020-01-02.gca
volume = 256 256 256
voxelsize = 1.000000000000000e+00 1.000000000000000e+00 1.000000000000000e+00
xras   = -1.000000000000000e+00 0.000000000000000e+00 0.000000000000000e+00
yras   = 0.000000000000000e+00 0.000000000000000e+00 -1.000000000000000e+00
zras   = 0.000000000000000e+00 1.000000000000000e+00 0.000000000000000e+00
cras   = 0.000000000000000e+00 0.000000000000000e+00 0.000000000000000e+00
