type      = 1 # LINEAR_RAS_TO_RAS
nxforms   = 1
mean      = 0.0000 0.0000 0.0000
sigma     = 1.0000
1 4 4
1.122055053710938e+00 1.380399987101555e-02 -3.422199934720993e-02 2.918746948242188e+00 
-9.611000306904316e-03 1.098206043243408e+00 3.700189888477325e-01 -2.580739974975586e+01 
3.258299827575684e-02 -3.228879868984222e-01 1.098641991615295e+00 -2.676094055175781e+01 
0.000000000000000e+00 0.000000000000000e+00 0.000000000000000e+00 1.000000000000000e+00 
src volume info
valid = 1  # volume info valid
filename = /home/freesurfer/subjects/sub-013/mri/orig_nu.mgz
volume = 256 256 256
voxelsize = 1.000000000000000e+00 1.000000000000000e+00 1.000000000000000e+00
xras   = -9.999998807907104e-01 4.365574568510056e-10 9.313225746154785e-10
yras   = 9.313225746154785e-10 4.656612873077393e-10 -9.999998807907104e-01
zras   = 4.001776687800884e-11 9.999999403953552e-01 -4.656612873077393e-10
cras   = 4.764328002929688e-01 2.391370391845703e+01 2.101414489746094e+01
dst volume info
valid = 1  # volume info valid
filename = /usr/local/freesurfer/average/mni305.cor.mgz
volume = 256 256 256
voxelsize = 1.000000000000000e+00 1.000000000000000e+00 1.000000000000000e+00
xras   = -1.000000000000000e+00 0.000000000000000e+00 0.000000000000000e+00
yras   = 0.000000000000000e+00 0.000000000000000e+00 -1.000000000000000e+00
zras   = 0.000000000000000e+00 1.000000000000000e+00 0.000000000000000e+00
cras   = 0.000000000000000e+00 0.000000000000000e+00 0.000000000000000e+00
subject fsaverage
fscale 0.100000
