type      = 0 # LINEAR_VOX_TO_VOX
nxforms   = 1
mean      = 0.0000 0.0000 0.0000
sigma     = 1.0000
1 4 4
1.122054934501648e+00 -3.422199562191963e-02 -1.380399893969297e-02 -1.253997802734375e+01 
3.258299455046654e-02 1.098641872406006e+00 3.228879570960999e-01 -4.674659729003906e+01 
9.611000306904316e-03 -3.700189590454102e-01 1.098205924034119e+00 4.178768157958984e+01 
0.000000000000000e+00 0.000000000000000e+00 0.000000000000000e+00 1.000000000000000e+00 
src volume info
valid = 1  # volume info valid
filename = /home/freesurfer/subjects/sub-013/mri/orig.mgz
volume = 256 256 256
voxelsize = 1.000000000000000e+00 1.000000000000000e+00 1.000000000000000e+00
xras   = -9.999998807907104e-01 4.365574568510056e-10 9.313225746154785e-10
yras   = 9.313225746154785e-10 4.656612873077393e-10 -9.999998807907104e-01
zras   = 4.001776687800884e-11 9.999999403953552e-01 -4.656612873077393e-10
cras   = 4.764328002929688e-01 2.391370391845703e+01 2.101414489746094e+01
dst volume info
valid = 1  # volume info valid
filename = /usr/local/freesurfer/average/mni305.cor.mgz
volume = 256 256 256
voxelsize = 1.000000000000000e+00 1.000000000000000e+00 1.000000000000000e+00
xras   = -1.000000000000000e+00 0.000000000000000e+00 0.000000000000000e+00
yras   = 0.000000000000000e+00 0.000000000000000e+00 -1.000000000000000e+00
zras   = 0.000000000000000e+00 1.000000000000000e+00 0.000000000000000e+00
cras   = 0.000000000000000e+00 0.000000000000000e+00 0.000000000000000e+00
subject fsaverage
fscale 0.100000
