# transform file transforms/talairach_with_skull.lta
# created by root on Thu May 29 07:56:38 2025

type      = 0 # LINEAR_VOX_TO_VOX
nxforms   = 1
mean      = 130.0000 132.0000 106.0000
sigma     = 10000.0000
1 4 4
1.122941493988037e+00 -1.209155377000570e-02 6.383743137121201e-03 -2.047144317626953e+01 
9.165715426206589e-03 1.253871321678162e+00 2.789703607559204e-01 -5.599318695068359e+01 
-9.230620227754116e-03 -2.221440076828003e-01 1.064843058586121e+00 2.859014129638672e+01 
0.000000000000000e+00 0.000000000000000e+00 0.000000000000000e+00 1.000000000000000e+00 
src volume info
valid = 1  # volume info valid
filename = nu.mgz
volume = 256 256 256
voxelsize = 1.000000000000000e+00 1.000000000000000e+00 1.000000000000000e+00
xras   = -9.999998807907104e-01 4.365574568510056e-10 9.313225746154785e-10
yras   = 9.313225746154785e-10 4.656612873077393e-10 -9.999998807907104e-01
zras   = 4.001776687800884e-11 9.999999403953552e-01 -4.656612873077393e-10
cras   = 4.764328002929688e-01 2.391370391845703e+01 2.101414489746094e+01
dst volume info
valid = 1  # volume info valid
filename = /usr/local/freesurfer/average/RB_all_withskull_2020_01_02.gca
volume = 256 256 256
voxelsize = 1.000000000000000e+00 1.000000000000000e+00 1.000000000000000e+00
xras   = -1.000000000000000e+00 0.000000000000000e+00 0.000000000000000e+00
yras   = 0.000000000000000e+00 0.000000000000000e+00 -1.000000000000000e+00
zras   = 0.000000000000000e+00 1.000000000000000e+00 0.000000000000000e+00
cras   = 0.000000000000000e+00 0.000000000000000e+00 0.000000000000000e+00
