# transform file /home/freesurfer/subjects/sub-017/mri/transforms/cc_up.lta
# created by root on Fri May 30 10:20:49 2025

type      = 0 # LINEAR_VOX_TO_VOX
nxforms   = 1
mean      = 129.0000 142.0000 112.0000
sigma     = 10000.0000
1 4 4
9.993705749511719e-01 -3.421984985470772e-02 9.361788630485535e-03 3.515512466430664e+00 
3.421834856271744e-02 9.994143843650818e-01 3.205467073712498e-04 -1.335590720176697e+00 
-9.367275051772594e-03 0.000000000000000e+00 9.999561905860901e-01 3.920295715332031e+01 
0.000000000000000e+00 0.000000000000000e+00 0.000000000000000e+00 1.000000000000000e+00 
src volume info
valid = 1  # volume info valid
filename = /home/freesurfer/subjects/sub-017/mri/norm.mgz
volume = 256 256 256
voxelsize = 1.000000000000000e+00 1.000000000000000e+00 1.000000000000000e+00
xras   = -1.000000000000000e+00 -1.862645149230957e-09 0.000000000000000e+00
yras   = 7.450580596923828e-09 -1.490116119384766e-08 -9.999999403953552e-01
zras   = -9.313225746154785e-10 1.000000000000000e+00 -1.490116119384766e-08
cras   = -6.595764160156250e-01 2.056227111816406e+01 2.746753692626953e+01
dst volume info
valid = 1  # volume info valid
filename = /home/freesurfer/subjects/sub-017/mri/norm.mgz
volume = 256 256 256
voxelsize = 1.000000000000000e+00 1.000000000000000e+00 1.000000000000000e+00
xras   = -1.000000000000000e+00 -1.862645149230957e-09 0.000000000000000e+00
yras   = 7.450580596923828e-09 -1.490116119384766e-08 -9.999999403953552e-01
zras   = -9.313225746154785e-10 1.000000000000000e+00 -1.490116119384766e-08
cras   = -6.595764160156250e-01 2.056227111816406e+01 2.746753692626953e+01
