# transform file transforms/talairach.lta
# created by root on Fri May 30 07:11:15 2025

type      = 0 # LINEAR_VOX_TO_VOX
nxforms   = 1
mean      = 129.0000 142.0000 112.0000
sigma     = 10000.0000
1 4 4
1.063305258750916e+00 -6.753543019294739e-02 2.230915799736977e-02 -3.773256778717041e+00 
5.171841755509377e-02 9.553044438362122e-01 3.617318272590637e-01 -5.663339996337891e+01 
-4.048220813274384e-02 -3.637475073337555e-01 9.216852188110352e-01 6.417141723632812e+01 
0.000000000000000e+00 0.000000000000000e+00 0.000000000000000e+00 1.000000000000000e+00 
src volume info
valid = 1  # volume info valid
filename = nu.mgz
volume = 256 256 256
voxelsize = 1.000000000000000e+00 1.000000000000000e+00 1.000000000000000e+00
xras   = -1.000000000000000e+00 -1.862645149230957e-09 0.000000000000000e+00
yras   = 7.450580596923828e-09 -1.490116119384766e-08 -9.999999403953552e-01
zras   = -9.313225746154785e-10 1.000000000000000e+00 -1.490116119384766e-08
cras   = -6.595764160156250e-01 2.056227111816406e+01 2.746753692626953e+01
dst volume info
valid = 1  # volume info valid
filename = /usr/local/freesurfer/average/RB_all_2020-01-02.gca
volume = 256 256 256
voxelsize = 1.000000000000000e+00 1.000000000000000e+00 1.000000000000000e+00
xras   = -1.000000000000000e+00 0.000000000000000e+00 0.000000000000000e+00
yras   = 0.000000000000000e+00 0.000000000000000e+00 -1.000000000000000e+00
zras   = 0.000000000000000e+00 1.000000000000000e+00 0.000000000000000e+00
cras   = 0.000000000000000e+00 0.000000000000000e+00 0.000000000000000e+00
