# transform file transforms/talairach_with_skull.lta
# created by root on Fri May 30 06:57:52 2025

type      = 0 # LINEAR_VOX_TO_VOX
nxforms   = 1
mean      = 130.0000 138.0000 119.0000
sigma     = 10000.0000
1 4 4
1.035579442977905e+00 -1.045750081539154e-02 2.359767071902752e-02 -8.954286575317383e+00 
6.103782216086984e-04 1.154136061668396e+00 4.339189827442169e-01 -8.455266571044922e+01 
-2.406085282564163e-02 -3.813492059707642e-01 9.252046346664429e-01 6.217568588256836e+01 
0.000000000000000e+00 0.000000000000000e+00 0.000000000000000e+00 1.000000000000000e+00 
src volume info
valid = 1  # volume info valid
filename = nu.mgz
volume = 256 256 256
voxelsize = 1.000000000000000e+00 1.000000000000000e+00 1.000000000000000e+00
xras   = -1.000000000000000e+00 -1.862645149230957e-09 0.000000000000000e+00
yras   = 7.450580596923828e-09 -1.490116119384766e-08 -9.999999403953552e-01
zras   = -9.313225746154785e-10 1.000000000000000e+00 -1.490116119384766e-08
cras   = -6.595764160156250e-01 2.056227111816406e+01 2.746753692626953e+01
dst volume info
valid = 1  # volume info valid
filename = /usr/local/freesurfer/average/RB_all_withskull_2020_01_02.gca
volume = 256 256 256
voxelsize = 1.000000000000000e+00 1.000000000000000e+00 1.000000000000000e+00
xras   = -1.000000000000000e+00 0.000000000000000e+00 0.000000000000000e+00
yras   = 0.000000000000000e+00 0.000000000000000e+00 -1.000000000000000e+00
zras   = 0.000000000000000e+00 1.000000000000000e+00 0.000000000000000e+00
cras   = 0.000000000000000e+00 0.000000000000000e+00 0.000000000000000e+00
