# transform file /home/freesurfer/subjects/sub-050/mri/transforms/cc_up.lta
# created by root on Wed Jun  4 22:36:33 2025

type      = 0 # LINEAR_VOX_TO_VOX
nxforms   = 1
mean      = 128.0000 133.0000 106.0000
sigma     = 10000.0000
1 4 4
9.997053742408752e-01 1.912081614136696e-02 1.495923753827810e-02 -4.501354694366455e+00 
-1.911867596209049e-02 9.998173117637634e-01 -2.860850945580751e-04 2.051389503479004e+01 
-1.496197376400232e-02 0.000000000000000e+00 9.998881816864014e-01 3.394083786010742e+01 
0.000000000000000e+00 0.000000000000000e+00 0.000000000000000e+00 1.000000000000000e+00 
src volume info
valid = 1  # volume info valid
filename = /home/freesurfer/subjects/sub-050/mri/norm.mgz
volume = 256 256 256
voxelsize = 1.000000000000000e+00 1.000000000000000e+00 1.000000000000000e+00
xras   = -1.000000119209290e+00 9.313225746154785e-10 0.000000000000000e+00
yras   = 1.862645149230957e-09 0.000000000000000e+00 -1.000000119209290e+00
zras   = -8.149072527885437e-10 1.000000119209290e+00 0.000000000000000e+00
cras   = -1.271080017089844e+00 2.337202453613281e+01 2.508576202392578e+01
dst volume info
valid = 1  # volume info valid
filename = /home/freesurfer/subjects/sub-050/mri/norm.mgz
volume = 256 256 256
voxelsize = 1.000000000000000e+00 1.000000000000000e+00 1.000000000000000e+00
xras   = -1.000000119209290e+00 9.313225746154785e-10 0.000000000000000e+00
yras   = 1.862645149230957e-09 0.000000000000000e+00 -1.000000119209290e+00
zras   = -8.149072527885437e-10 1.000000119209290e+00 0.000000000000000e+00
cras   = -1.271080017089844e+00 2.337202453613281e+01 2.508576202392578e+01
