# transform file transforms/talairach_with_skull.lta
# created by root on Wed Jun  4 19:24:03 2025

type      = 0 # LINEAR_VOX_TO_VOX
nxforms   = 1
mean      = 124.0000 131.0000 110.0000
sigma     = 10000.0000
1 4 4
1.078042268753052e+00 4.079482704401016e-02 4.162492696195841e-03 -1.869794464111328e+01 
-3.562396392226219e-02 1.257894158363342e+00 1.283489912748337e-01 -4.581861495971680e+01 
0.000000000000000e+00 -9.636828303337097e-02 1.018327832221985e+00 1.398029041290283e+01 
0.000000000000000e+00 0.000000000000000e+00 0.000000000000000e+00 1.000000000000000e+00 
src volume info
valid = 1  # volume info valid
filename = nu.mgz
volume = 256 256 256
voxelsize = 1.000000000000000e+00 1.000000000000000e+00 1.000000000000000e+00
xras   = -1.000000119209290e+00 9.313225746154785e-10 0.000000000000000e+00
yras   = 1.862645149230957e-09 0.000000000000000e+00 -1.000000119209290e+00
zras   = -8.149072527885437e-10 1.000000119209290e+00 0.000000000000000e+00
cras   = -1.271080017089844e+00 2.337202453613281e+01 2.508576202392578e+01
dst volume info
valid = 1  # volume info valid
filename = /usr/local/freesurfer/average/RB_all_withskull_2020_01_02.gca
volume = 256 256 256
voxelsize = 1.000000000000000e+00 1.000000000000000e+00 1.000000000000000e+00
xras   = -1.000000000000000e+00 0.000000000000000e+00 0.000000000000000e+00
yras   = 0.000000000000000e+00 0.000000000000000e+00 -1.000000000000000e+00
zras   = 0.000000000000000e+00 1.000000000000000e+00 0.000000000000000e+00
cras   = 0.000000000000000e+00 0.000000000000000e+00 0.000000000000000e+00
