type      = 1 # LINEAR_RAS_TO_RAS
nxforms   = 1
mean      = 0.0000 0.0000 0.0000
sigma     = 1.0000
1 4 4
1.135776996612549e+00 -2.470899932086468e-02 1.813399977982044e-02 1.476928949356079e+00 
3.390299901366234e-02 1.004380941390991e+00 1.802649945020676e-01 -2.434860992431641e+01 
-6.376200169324875e-02 -1.365679949522018e-01 1.081976056098938e+00 -2.083876037597656e+01 
0.000000000000000e+00 0.000000000000000e+00 0.000000000000000e+00 1.000000000000000e+00 
src volume info
valid = 1  # volume info valid
filename = /home/freesurfer/subjects/sub-050/mri/orig_nu.mgz
volume = 256 256 256
voxelsize = 1.000000000000000e+00 1.000000000000000e+00 1.000000000000000e+00
xras   = -1.000000119209290e+00 9.313225746154785e-10 0.000000000000000e+00
yras   = 1.862645149230957e-09 0.000000000000000e+00 -1.000000119209290e+00
zras   = -8.149072527885437e-10 1.000000119209290e+00 0.000000000000000e+00
cras   = -1.271080017089844e+00 2.337202453613281e+01 2.508576202392578e+01
dst volume info
valid = 1  # volume info valid
filename = /usr/local/freesurfer/average/mni305.cor.mgz
volume = 256 256 256
voxelsize = 1.000000000000000e+00 1.000000000000000e+00 1.000000000000000e+00
xras   = -1.000000000000000e+00 0.000000000000000e+00 0.000000000000000e+00
yras   = 0.000000000000000e+00 0.000000000000000e+00 -1.000000000000000e+00
zras   = 0.000000000000000e+00 1.000000000000000e+00 0.000000000000000e+00
cras   = 0.000000000000000e+00 0.000000000000000e+00 0.000000000000000e+00
subject fsaverage
fscale 0.100000
