# transform file transforms/talairach.lta
# created by root on Wed Jun  4 19:33:18 2025

type      = 0 # LINEAR_VOX_TO_VOX
nxforms   = 1
mean      = 128.0000 133.0000 106.0000
sigma     = 10000.0000
1 4 4
1.099414825439453e+00 4.901216924190521e-02 6.587904877960682e-03 -2.158388710021973e+01 
-5.968329310417175e-02 1.104539155960083e+00 1.536949872970581e-01 -2.864927101135254e+01 
3.412853693589568e-04 -1.401959657669067e-01 9.948727488517761e-01 2.332825088500977e+01 
0.000000000000000e+00 0.000000000000000e+00 0.000000000000000e+00 1.000000000000000e+00 
src volume info
valid = 1  # volume info valid
filename = nu.mgz
volume = 256 256 256
voxelsize = 1.000000000000000e+00 1.000000000000000e+00 1.000000000000000e+00
xras   = -1.000000119209290e+00 9.313225746154785e-10 0.000000000000000e+00
yras   = 1.862645149230957e-09 0.000000000000000e+00 -1.000000119209290e+00
zras   = -8.149072527885437e-10 1.000000119209290e+00 0.000000000000000e+00
cras   = -1.271080017089844e+00 2.337202453613281e+01 2.508576202392578e+01
dst volume info
valid = 1  # volume info valid
filename = /usr/local/freesurfer/average/RB_all_2020-01-02.gca
volume = 256 256 256
voxelsize = 1.000000000000000e+00 1.000000000000000e+00 1.000000000000000e+00
xras   = -1.000000000000000e+00 0.000000000000000e+00 0.000000000000000e+00
yras   = 0.000000000000000e+00 0.000000000000000e+00 -1.000000000000000e+00
zras   = 0.000000000000000e+00 1.000000000000000e+00 0.000000000000000e+00
cras   = 0.000000000000000e+00 0.000000000000000e+00 0.000000000000000e+00
