# transform file /home/freesurfer/subjects/sub-008/mri/transforms/cc_up.lta
# created by root on Fri May 30 16:31:10 2025

type      = 0 # LINEAR_VOX_TO_VOX
nxforms   = 1
mean      = 128.0000 134.0000 110.0000
sigma     = 10000.0000
1 4 4
9.999610185623169e-01 -1.777825294993818e-03 8.648726157844067e-03 -1.225351452827454e+00 
1.777758821845055e-03 9.999984502792358e-01 1.537594835099299e-05 1.677008056640625e+01 
-8.648739196360111e-03 1.818989403545856e-12 9.999625682830811e-01 3.211575698852539e+01 
0.000000000000000e+00 0.000000000000000e+00 0.000000000000000e+00 1.000000000000000e+00 
src volume info
valid = 1  # volume info valid
filename = /home/freesurfer/subjects/sub-008/mri/norm.mgz
volume = 256 256 256
voxelsize = 1.000000000000000e+00 1.000000000000000e+00 1.000000000000000e+00
xras   = -1.000000119209290e+00 1.746229827404022e-10 0.000000000000000e+00
yras   = 0.000000000000000e+00 -7.450580596923828e-09 -1.000000119209290e+00
zras   = 6.984919309616089e-10 1.000000119209290e+00 7.450580596923828e-09
cras   = -9.955596923828125e-02 2.386037445068359e+01 2.866299438476562e+01
dst volume info
valid = 1  # volume info valid
filename = /home/freesurfer/subjects/sub-008/mri/norm.mgz
volume = 256 256 256
voxelsize = 1.000000000000000e+00 1.000000000000000e+00 1.000000000000000e+00
xras   = -1.000000119209290e+00 1.746229827404022e-10 0.000000000000000e+00
yras   = 0.000000000000000e+00 -7.450580596923828e-09 -1.000000119209290e+00
zras   = 6.984919309616089e-10 1.000000119209290e+00 7.450580596923828e-09
cras   = -9.955596923828125e-02 2.386037445068359e+01 2.866299438476562e+01
