# transform file transforms/talairach.lta
# created by root on Fri May 30 13:21:19 2025

type      = 0 # LINEAR_VOX_TO_VOX
nxforms   = 1
mean      = 128.0000 133.0000 110.0000
sigma     = 10000.0000
1 4 4
1.031822919845581e+00 1.054265163838863e-02 -1.378388889133930e-02 -5.709576129913330e+00 
5.004312377423048e-03 9.753157496452332e-01 3.520426452159882e-01 -4.057043075561523e+01 
1.700230687856674e-02 -3.503465056419373e-01 9.379817247390747e-01 5.158795928955078e+01 
0.000000000000000e+00 0.000000000000000e+00 0.000000000000000e+00 1.000000000000000e+00 
src volume info
valid = 1  # volume info valid
filename = nu.mgz
volume = 256 256 256
voxelsize = 1.000000000000000e+00 1.000000000000000e+00 1.000000000000000e+00
xras   = -1.000000119209290e+00 1.746229827404022e-10 0.000000000000000e+00
yras   = 0.000000000000000e+00 -7.450580596923828e-09 -1.000000119209290e+00
zras   = 6.984919309616089e-10 1.000000119209290e+00 7.450580596923828e-09
cras   = -9.955596923828125e-02 2.386037445068359e+01 2.866299438476562e+01
dst volume info
valid = 1  # volume info valid
filename = /usr/local/freesurfer/average/RB_all_2020-01-02.gca
volume = 256 256 256
voxelsize = 1.000000000000000e+00 1.000000000000000e+00 1.000000000000000e+00
xras   = -1.000000000000000e+00 0.000000000000000e+00 0.000000000000000e+00
yras   = 0.000000000000000e+00 0.000000000000000e+00 -1.000000000000000e+00
zras   = 0.000000000000000e+00 1.000000000000000e+00 0.000000000000000e+00
cras   = 0.000000000000000e+00 0.000000000000000e+00 0.000000000000000e+00
