type      = 0 # LINEAR_VOX_TO_VOX
nxforms   = 1
mean      = 0.0000 0.0000 0.0000
sigma     = 1.0000
1 4 4
1.050782084465027e+00 -3.140000917483121e-04 9.399999864399433e-03 -8.056701660156250e+00 
-2.395000308752060e-02 1.025461077690125e+00 3.017770349979401e-01 -3.683981323242188e+01 
5.681000649929047e-03 -3.436700403690338e-01 9.557271003723145e-01 4.862724304199219e+01 
0.000000000000000e+00 0.000000000000000e+00 0.000000000000000e+00 1.000000000000000e+00 
src volume info
valid = 1  # volume info valid
filename = /home/freesurfer/subjects/sub-008/mri/orig.mgz
volume = 256 256 256
voxelsize = 1.000000000000000e+00 1.000000000000000e+00 1.000000000000000e+00
xras   = -1.000000119209290e+00 1.746229827404022e-10 0.000000000000000e+00
yras   = 0.000000000000000e+00 -7.450580596923828e-09 -1.000000119209290e+00
zras   = 6.984919309616089e-10 1.000000119209290e+00 7.450580596923828e-09
cras   = -9.955596923828125e-02 2.386037445068359e+01 2.866299438476562e+01
dst volume info
valid = 1  # volume info valid
filename = /usr/local/freesurfer/average/mni305.cor.mgz
volume = 256 256 256
voxelsize = 1.000000000000000e+00 1.000000000000000e+00 1.000000000000000e+00
xras   = -1.000000000000000e+00 0.000000000000000e+00 0.000000000000000e+00
yras   = 0.000000000000000e+00 0.000000000000000e+00 -1.000000000000000e+00
zras   = 0.000000000000000e+00 1.000000000000000e+00 0.000000000000000e+00
cras   = 0.000000000000000e+00 0.000000000000000e+00 0.000000000000000e+00
subject fsaverage
fscale 0.100000
