# transform file /home/freesurfer/subjects/sub-034/mri/transforms/cc_up.lta
# created by root on Tue Jun  3 14:47:54 2025

type      = 0 # LINEAR_VOX_TO_VOX
nxforms   = 1
mean      = 133.0000 141.0000 108.0000
sigma     = 10000.0000
1 4 4
9.960477948188782e-01 2.972574718296528e-02 8.369770646095276e-02 -1.357287788391113e+01 
-2.962135151028633e-02 9.995581507682800e-01 -2.489076461642981e-03 -3.820177078247070e+00 
-8.373470604419708e-02 0.000000000000000e+00 9.964880943298340e-01 5.635329055786133e+01 
0.000000000000000e+00 0.000000000000000e+00 0.000000000000000e+00 1.000000000000000e+00 
src volume info
valid = 1  # volume info valid
filename = /home/freesurfer/subjects/sub-034/mri/norm.mgz
volume = 256 256 256
voxelsize = 1.000000000000000e+00 1.000000000000000e+00 1.000000000000000e+00
xras   = -1.000000000000000e+00 0.000000000000000e+00 3.725290298461914e-09
yras   = 3.725290298461914e-09 0.000000000000000e+00 -1.000000000000000e+00
zras   = 1.862645149230957e-09 1.000000000000000e+00 0.000000000000000e+00
cras   = -1.096572875976562e-01 2.320037841796875e+01 3.112644195556641e+01
dst volume info
valid = 1  # volume info valid
filename = /home/freesurfer/subjects/sub-034/mri/norm.mgz
volume = 256 256 256
voxelsize = 1.000000000000000e+00 1.000000000000000e+00 1.000000000000000e+00
xras   = -1.000000000000000e+00 0.000000000000000e+00 3.725290298461914e-09
yras   = 3.725290298461914e-09 0.000000000000000e+00 -1.000000000000000e+00
zras   = 1.862645149230957e-09 1.000000000000000e+00 0.000000000000000e+00
cras   = -1.096572875976562e-01 2.320037841796875e+01 3.112644195556641e+01
