type      = 1 # LINEAR_RAS_TO_RAS
nxforms   = 1
mean      = 0.0000 0.0000 0.0000
sigma     = 1.0000
1 4 4
1.113548994064331e+00 -9.895999729633331e-02 4.162500053644180e-02 1.325240969657898e+00 
2.268500067293644e-02 9.882630109786987e-01 4.752260148525238e-01 -2.527734375000000e+01 
-6.669300049543381e-02 -5.455790162086487e-01 1.065114974975586e+00 -1.693333435058594e+01 
0.000000000000000e+00 0.000000000000000e+00 0.000000000000000e+00 1.000000000000000e+00 
src volume info
valid = 1  # volume info valid
filename = /home/freesurfer/subjects/sub-034/mri/orig_nu.mgz
volume = 256 256 256
voxelsize = 1.000000000000000e+00 1.000000000000000e+00 1.000000000000000e+00
xras   = -1.000000000000000e+00 0.000000000000000e+00 3.725290298461914e-09
yras   = 3.725290298461914e-09 0.000000000000000e+00 -1.000000000000000e+00
zras   = 1.862645149230957e-09 1.000000000000000e+00 0.000000000000000e+00
cras   = -1.096572875976562e-01 2.320037841796875e+01 3.112644195556641e+01
dst volume info
valid = 1  # volume info valid
filename = /usr/local/freesurfer/average/mni305.cor.mgz
volume = 256 256 256
voxelsize = 1.000000000000000e+00 1.000000000000000e+00 1.000000000000000e+00
xras   = -1.000000000000000e+00 0.000000000000000e+00 0.000000000000000e+00
yras   = 0.000000000000000e+00 0.000000000000000e+00 -1.000000000000000e+00
zras   = 0.000000000000000e+00 1.000000000000000e+00 0.000000000000000e+00
cras   = 0.000000000000000e+00 0.000000000000000e+00 0.000000000000000e+00
subject fsaverage
fscale 0.100000
