# transform file /home/freesurfer/subjects/sub-044/mri/transforms/cc_up.lta
# created by root on Tue Jun  3 14:52:10 2025

type      = 0 # LINEAR_VOX_TO_VOX
nxforms   = 1
mean      = 129.0000 139.0000 114.0000
sigma     = 10000.0000
1 4 4
9.991710782051086e-01 4.498839844018221e-03 4.045869410037994e-02 -5.217136383056641e+00 
-4.495155997574329e-03 9.999898672103882e-01 -1.820190082071349e-04 8.598112106323242e+00 
-4.045910388231277e-02 -1.455191522836685e-11 9.991811513900757e-01 2.828641700744629e+01 
0.000000000000000e+00 0.000000000000000e+00 0.000000000000000e+00 1.000000000000000e+00 
src volume info
valid = 1  # volume info valid
filename = /home/freesurfer/subjects/sub-044/mri/norm.mgz
volume = 256 256 256
voxelsize = 1.000000000000000e+00 1.000000000000000e+00 1.000000000000000e+00
xras   = -9.999998807907104e-01 -5.820766091346741e-11 9.313225746154785e-10
yras   = 0.000000000000000e+00 0.000000000000000e+00 -9.999999403953552e-01
zras   = 0.000000000000000e+00 9.999998807907104e-01 -7.450580596923828e-09
cras   = -4.300415039062500e+00 1.680332946777344e+01 -5.948638916015625e-02
dst volume info
valid = 1  # volume info valid
filename = /home/freesurfer/subjects/sub-044/mri/norm.mgz
volume = 256 256 256
voxelsize = 1.000000000000000e+00 1.000000000000000e+00 1.000000000000000e+00
xras   = -9.999998807907104e-01 -5.820766091346741e-11 9.313225746154785e-10
yras   = 0.000000000000000e+00 0.000000000000000e+00 -9.999999403953552e-01
zras   = 0.000000000000000e+00 9.999998807907104e-01 -7.450580596923828e-09
cras   = -4.300415039062500e+00 1.680332946777344e+01 -5.948638916015625e-02
