# transform file transforms/talairach_with_skull.lta
# created by root on Tue Jun  3 11:45:29 2025

type      = 0 # LINEAR_VOX_TO_VOX
nxforms   = 1
mean      = 128.0000 134.0000 117.0000
sigma     = 10000.0000
1 4 4
1.046380519866943e+00 6.228742655366659e-03 7.514808326959610e-02 -1.844865036010742e+01 
-1.020845770835876e-02 1.247547388076782e+00 1.211901903152466e-01 -5.930993652343750e+01 
-7.122524827718735e-02 -9.442690014839172e-02 1.158124089241028e+00 -2.118955373764038e+00 
0.000000000000000e+00 0.000000000000000e+00 0.000000000000000e+00 1.000000000000000e+00 
src volume info
valid = 1  # volume info valid
filename = nu.mgz
volume = 256 256 256
voxelsize = 1.000000000000000e+00 1.000000000000000e+00 1.000000000000000e+00
xras   = -9.999998807907104e-01 -5.820766091346741e-11 9.313225746154785e-10
yras   = 0.000000000000000e+00 0.000000000000000e+00 -9.999999403953552e-01
zras   = 0.000000000000000e+00 9.999998807907104e-01 -7.450580596923828e-09
cras   = -4.300415039062500e+00 1.680332946777344e+01 -5.948638916015625e-02
dst volume info
valid = 1  # volume info valid
filename = /usr/local/freesurfer/average/RB_all_withskull_2020_01_02.gca
volume = 256 256 256
voxelsize = 1.000000000000000e+00 1.000000000000000e+00 1.000000000000000e+00
xras   = -1.000000000000000e+00 0.000000000000000e+00 0.000000000000000e+00
yras   = 0.000000000000000e+00 0.000000000000000e+00 -1.000000000000000e+00
zras   = 0.000000000000000e+00 1.000000000000000e+00 0.000000000000000e+00
cras   = 0.000000000000000e+00 0.000000000000000e+00 0.000000000000000e+00
