# transform file transforms/talairach.lta
# created by root on Tue Jun  3 11:55:20 2025

type      = 0 # LINEAR_VOX_TO_VOX
nxforms   = 1
mean      = 129.0000 139.0000 112.0000
sigma     = 10000.0000
1 4 4
1.032207965850830e+00 -1.566721685230732e-02 4.887634143233299e-02 -1.051999187469482e+01 
6.936857011169195e-03 1.146013379096985e+00 1.769488006830215e-01 -5.486278915405273e+01 
-5.104782432317734e-02 -1.639225631952286e-01 1.026581525802612e+00 2.497713279724121e+01 
0.000000000000000e+00 0.000000000000000e+00 0.000000000000000e+00 1.000000000000000e+00 
src volume info
valid = 1  # volume info valid
filename = nu.mgz
volume = 256 256 256
voxelsize = 1.000000000000000e+00 1.000000000000000e+00 1.000000000000000e+00
xras   = -9.999998807907104e-01 -5.820766091346741e-11 9.313225746154785e-10
yras   = 0.000000000000000e+00 0.000000000000000e+00 -9.999999403953552e-01
zras   = 0.000000000000000e+00 9.999998807907104e-01 -7.450580596923828e-09
cras   = -4.300415039062500e+00 1.680332946777344e+01 -5.948638916015625e-02
dst volume info
valid = 1  # volume info valid
filename = /usr/local/freesurfer/average/RB_all_2020-01-02.gca
volume = 256 256 256
voxelsize = 1.000000000000000e+00 1.000000000000000e+00 1.000000000000000e+00
xras   = -1.000000000000000e+00 0.000000000000000e+00 0.000000000000000e+00
yras   = 0.000000000000000e+00 0.000000000000000e+00 -1.000000000000000e+00
zras   = 0.000000000000000e+00 1.000000000000000e+00 0.000000000000000e+00
cras   = 0.000000000000000e+00 0.000000000000000e+00 0.000000000000000e+00
