# transform file /home/freesurfer/subjects/sub-019/mri/transforms/cc_up.lta
# created by root on Fri May 30 21:58:50 2025

type      = 0 # LINEAR_VOX_TO_VOX
nxforms   = 1
mean      = 131.0000 145.0000 116.0000
sigma     = 10000.0000
1 4 4
9.998024702072144e-01 -1.762863807380199e-02 9.191110730171204e-03 1.301512718200684e+00 
1.762789301574230e-02 9.998447299003601e-01 1.620519324205816e-04 1.729232192039490e+00 
-9.192538447678089e-03 0.000000000000000e+00 9.999579191207886e-01 3.019003295898438e+01 
0.000000000000000e+00 0.000000000000000e+00 0.000000000000000e+00 1.000000000000000e+00 
src volume info
valid = 1  # volume info valid
filename = /home/freesurfer/subjects/sub-019/mri/norm.mgz
volume = 256 256 256
voxelsize = 1.000000000000000e+00 1.000000000000000e+00 1.000000000000000e+00
xras   = -9.999998807907104e-01 0.000000000000000e+00 0.000000000000000e+00
yras   = 0.000000000000000e+00 0.000000000000000e+00 -9.999999403953552e-01
zras   = 0.000000000000000e+00 9.999998807907104e-01 0.000000000000000e+00
cras   = 1.599952697753906e+00 1.717965698242188e+01 2.578077697753906e+01
dst volume info
valid = 1  # volume info valid
filename = /home/freesurfer/subjects/sub-019/mri/norm.mgz
volume = 256 256 256
voxelsize = 1.000000000000000e+00 1.000000000000000e+00 1.000000000000000e+00
xras   = -9.999998807907104e-01 0.000000000000000e+00 0.000000000000000e+00
yras   = 0.000000000000000e+00 0.000000000000000e+00 -9.999999403953552e-01
zras   = 0.000000000000000e+00 9.999998807907104e-01 0.000000000000000e+00
cras   = 1.599952697753906e+00 1.717965698242188e+01 2.578077697753906e+01
