# transform file /home/freesurfer/subjects/sub-045/mri/transforms/cc_up.lta
# created by root on Tue Jun  3 19:51:41 2025

type      = 0 # LINEAR_VOX_TO_VOX
nxforms   = 1
mean      = 131.0000 135.0000 110.0000
sigma     = 10000.0000
1 4 4
9.993594884872437e-01 -3.100116737186909e-03 3.565406799316406e-02 -4.294541358947754e+00 
3.098145592957735e-03 9.999953508377075e-01 1.105322880903259e-04 1.358932304382324e+01 
-3.565423935651779e-02 0.000000000000000e+00 9.993642568588257e-01 2.966697311401367e+01 
0.000000000000000e+00 0.000000000000000e+00 0.000000000000000e+00 1.000000000000000e+00 
src volume info
valid = 1  # volume info valid
filename = /home/freesurfer/subjects/sub-045/mri/norm.mgz
volume = 256 256 256
voxelsize = 1.000000000000000e+00 1.000000000000000e+00 1.000000000000000e+00
xras   = -1.000000119209290e+00 2.619344741106033e-09 3.725290298461914e-09
yras   = 1.862645149230957e-09 3.725290298461914e-09 -1.000000000000000e+00
zras   = -7.275957614183426e-10 1.000000000000000e+00 0.000000000000000e+00
cras   = 1.680107116699219e+00 2.564924621582031e+01 2.568849182128906e+01
dst volume info
valid = 1  # volume info valid
filename = /home/freesurfer/subjects/sub-045/mri/norm.mgz
volume = 256 256 256
voxelsize = 1.000000000000000e+00 1.000000000000000e+00 1.000000000000000e+00
xras   = -1.000000119209290e+00 2.619344741106033e-09 3.725290298461914e-09
yras   = 1.862645149230957e-09 3.725290298461914e-09 -1.000000000000000e+00
zras   = -7.275957614183426e-10 1.000000000000000e+00 0.000000000000000e+00
cras   = 1.680107116699219e+00 2.564924621582031e+01 2.568849182128906e+01
