# transform file transforms/talairach.lta
# created by root on Tue Jun  3 17:06:21 2025

type      = 0 # LINEAR_VOX_TO_VOX
nxforms   = 1
mean      = 131.0000 136.0000 110.0000
sigma     = 10000.0000
1 4 4
1.098760247230530e+00 -2.422984503209591e-02 3.821507096290588e-02 -1.681012535095215e+01 
1.782319135963917e-02 1.075001120567322e+00 2.418928742408752e-01 -5.153245162963867e+01 
-4.559792578220367e-02 -2.084415853023529e-01 1.002804994583130e+00 3.564548492431641e+01 
0.000000000000000e+00 0.000000000000000e+00 0.000000000000000e+00 1.000000000000000e+00 
src volume info
valid = 1  # volume info valid
filename = nu.mgz
volume = 256 256 256
voxelsize = 1.000000000000000e+00 1.000000000000000e+00 1.000000000000000e+00
xras   = -1.000000119209290e+00 2.619344741106033e-09 3.725290298461914e-09
yras   = 1.862645149230957e-09 3.725290298461914e-09 -1.000000000000000e+00
zras   = -7.275957614183426e-10 1.000000000000000e+00 0.000000000000000e+00
cras   = 1.680107116699219e+00 2.564924621582031e+01 2.568849182128906e+01
dst volume info
valid = 1  # volume info valid
filename = /usr/local/freesurfer/average/RB_all_2020-01-02.gca
volume = 256 256 256
voxelsize = 1.000000000000000e+00 1.000000000000000e+00 1.000000000000000e+00
xras   = -1.000000000000000e+00 0.000000000000000e+00 0.000000000000000e+00
yras   = 0.000000000000000e+00 0.000000000000000e+00 -1.000000000000000e+00
zras   = 0.000000000000000e+00 1.000000000000000e+00 0.000000000000000e+00
cras   = 0.000000000000000e+00 0.000000000000000e+00 0.000000000000000e+00
