type      = 0 # LINEAR_VOX_TO_VOX
nxforms   = 1
mean      = 0.0000 0.0000 0.0000
sigma     = 1.0000
1 4 4
1.114209175109863e+00 -5.855700373649597e-02 4.704599827528000e-02 -1.428909301757812e+01 
1.849999837577343e-02 1.073389053344727e+00 1.762350052595139e-01 -4.325038146972656e+01 
-4.741000384092331e-02 -2.671450078487396e-01 1.026988029479980e+00 3.896440124511719e+01 
0.000000000000000e+00 0.000000000000000e+00 0.000000000000000e+00 1.000000000000000e+00 
src volume info
valid = 1  # volume info valid
filename = /home/freesurfer/subjects/sub-045/mri/orig.mgz
volume = 256 256 256
voxelsize = 1.000000000000000e+00 1.000000000000000e+00 1.000000000000000e+00
xras   = -1.000000119209290e+00 2.619344741106033e-09 3.725290298461914e-09
yras   = 1.862645149230957e-09 3.725290298461914e-09 -1.000000000000000e+00
zras   = -7.275957614183426e-10 1.000000000000000e+00 0.000000000000000e+00
cras   = 1.680107116699219e+00 2.564924621582031e+01 2.568849182128906e+01
dst volume info
valid = 1  # volume info valid
filename = /usr/local/freesurfer/average/mni305.cor.mgz
volume = 256 256 256
voxelsize = 1.000000000000000e+00 1.000000000000000e+00 1.000000000000000e+00
xras   = -1.000000000000000e+00 0.000000000000000e+00 0.000000000000000e+00
yras   = 0.000000000000000e+00 0.000000000000000e+00 -1.000000000000000e+00
zras   = 0.000000000000000e+00 1.000000000000000e+00 0.000000000000000e+00
cras   = 0.000000000000000e+00 0.000000000000000e+00 0.000000000000000e+00
subject fsaverage
fscale 0.100000
