# transform file transforms/talairach_with_skull.lta
# created by root on Tue Jun  3 16:54:16 2025

type      = 0 # LINEAR_VOX_TO_VOX
nxforms   = 1
mean      = 132.0000 135.0000 115.0000
sigma     = 10000.0000
1 4 4
1.063857078552246e+00 -4.388201236724854e-02 3.047547303140163e-02 -1.043777656555176e+01 
3.474552184343338e-02 1.176142573356628e+00 1.358047127723694e-01 -5.376973724365234e+01 
-3.427248448133469e-02 -1.588094681501389e-01 1.048937201499939e+00 2.086662292480469e+01 
0.000000000000000e+00 0.000000000000000e+00 0.000000000000000e+00 1.000000000000000e+00 
src volume info
valid = 1  # volume info valid
filename = nu.mgz
volume = 256 256 256
voxelsize = 1.000000000000000e+00 1.000000000000000e+00 1.000000000000000e+00
xras   = -1.000000119209290e+00 2.619344741106033e-09 3.725290298461914e-09
yras   = 1.862645149230957e-09 3.725290298461914e-09 -1.000000000000000e+00
zras   = -7.275957614183426e-10 1.000000000000000e+00 0.000000000000000e+00
cras   = 1.680107116699219e+00 2.564924621582031e+01 2.568849182128906e+01
dst volume info
valid = 1  # volume info valid
filename = /usr/local/freesurfer/average/RB_all_withskull_2020_01_02.gca
volume = 256 256 256
voxelsize = 1.000000000000000e+00 1.000000000000000e+00 1.000000000000000e+00
xras   = -1.000000000000000e+00 0.000000000000000e+00 0.000000000000000e+00
yras   = 0.000000000000000e+00 0.000000000000000e+00 -1.000000000000000e+00
zras   = 0.000000000000000e+00 1.000000000000000e+00 0.000000000000000e+00
cras   = 0.000000000000000e+00 0.000000000000000e+00 0.000000000000000e+00
