# transform file /home/freesurfer/subjects/sub-036/mri/transforms/cc_up.lta
# created by root on Wed Jun  4 01:04:55 2025

type      = 0 # LINEAR_VOX_TO_VOX
nxforms   = 1
mean      = 132.0000 140.0000 108.0000
sigma     = 10000.0000
1 4 4
9.950390458106995e-01 8.417924493551254e-02 -5.302178859710693e-02 -8.965166091918945e+00 
-8.405999094247818e-02 9.964507222175598e-01 4.479232244193554e-03 1.119922924041748e+01 
5.321065336465836e-02 0.000000000000000e+00 9.985833168029785e-01 3.107070159912109e+01 
0.000000000000000e+00 0.000000000000000e+00 0.000000000000000e+00 1.000000000000000e+00 
src volume info
valid = 1  # volume info valid
filename = /home/freesurfer/subjects/sub-036/mri/norm.mgz
volume = 256 256 256
voxelsize = 1.000000000000000e+00 1.000000000000000e+00 1.000000000000000e+00
xras   = -9.999998807907104e-01 -2.328306436538696e-09 3.725290298461914e-09
yras   = 0.000000000000000e+00 7.450580596923828e-09 -1.000000119209290e+00
zras   = -9.313225746154785e-10 1.000000000000000e+00 -7.450580596923828e-09
cras   = 2.800865173339844e+00 2.737377166748047e+01 1.463796234130859e+01
dst volume info
valid = 1  # volume info valid
filename = /home/freesurfer/subjects/sub-036/mri/norm.mgz
volume = 256 256 256
voxelsize = 1.000000000000000e+00 1.000000000000000e+00 1.000000000000000e+00
xras   = -9.999998807907104e-01 -2.328306436538696e-09 3.725290298461914e-09
yras   = 0.000000000000000e+00 7.450580596923828e-09 -1.000000119209290e+00
zras   = -9.313225746154785e-10 1.000000000000000e+00 -7.450580596923828e-09
cras   = 2.800865173339844e+00 2.737377166748047e+01 1.463796234130859e+01
