type      = 0 # LINEAR_VOX_TO_VOX
nxforms   = 1
mean      = 0.0000 0.0000 0.0000
sigma     = 1.0000
1 4 4
1.030181884765625e+00 5.096400901675224e-02 -4.016099870204926e-02 -1.199821472167969e+01 
-7.256399840116501e-02 1.148398160934448e+00 2.721520066261292e-01 -5.793196105957031e+01 
9.588898718357086e-02 -2.455010116100311e-01 1.003569006919861e+00 2.320940399169922e+01 
0.000000000000000e+00 0.000000000000000e+00 0.000000000000000e+00 1.000000000000000e+00 
src volume info
valid = 1  # volume info valid
filename = /home/freesurfer/subjects/sub-036/mri/orig.mgz
volume = 256 256 256
voxelsize = 1.000000000000000e+00 1.000000000000000e+00 1.000000000000000e+00
xras   = -9.999998807907104e-01 -2.328306436538696e-09 3.725290298461914e-09
yras   = 0.000000000000000e+00 7.450580596923828e-09 -1.000000119209290e+00
zras   = -9.313225746154785e-10 1.000000000000000e+00 -7.450580596923828e-09
cras   = 2.800865173339844e+00 2.737377166748047e+01 1.463796234130859e+01
dst volume info
valid = 1  # volume info valid
filename = /usr/local/freesurfer/average/mni305.cor.mgz
volume = 256 256 256
voxelsize = 1.000000000000000e+00 1.000000000000000e+00 1.000000000000000e+00
xras   = -1.000000000000000e+00 0.000000000000000e+00 0.000000000000000e+00
yras   = 0.000000000000000e+00 0.000000000000000e+00 -1.000000000000000e+00
zras   = 0.000000000000000e+00 1.000000000000000e+00 0.000000000000000e+00
cras   = 0.000000000000000e+00 0.000000000000000e+00 0.000000000000000e+00
subject fsaverage
fscale 0.100000
