# transform file transforms/talairach.lta
# created by root on Tue Jun  3 22:10:47 2025

type      = 0 # LINEAR_VOX_TO_VOX
nxforms   = 1
mean      = 132.0000 141.0000 108.0000
sigma     = 10000.0000
1 4 4
1.015487670898438e+00 5.572658032178879e-02 -3.935856372117996e-02 -1.279157543182373e+01 
-4.040522128343582e-02 1.121188044548035e+00 2.440436184406281e-01 -5.618886566162109e+01 
5.028151720762253e-02 -1.989184617996216e-01 9.996341466903687e-01 2.358266639709473e+01 
0.000000000000000e+00 0.000000000000000e+00 0.000000000000000e+00 1.000000000000000e+00 
src volume info
valid = 1  # volume info valid
filename = nu.mgz
volume = 256 256 256
voxelsize = 1.000000000000000e+00 1.000000000000000e+00 1.000000000000000e+00
xras   = -9.999998807907104e-01 -2.328306436538696e-09 3.725290298461914e-09
yras   = 0.000000000000000e+00 7.450580596923828e-09 -1.000000119209290e+00
zras   = -9.313225746154785e-10 1.000000000000000e+00 -7.450580596923828e-09
cras   = 2.800865173339844e+00 2.737377166748047e+01 1.463796234130859e+01
dst volume info
valid = 1  # volume info valid
filename = /usr/local/freesurfer/average/RB_all_2020-01-02.gca
volume = 256 256 256
voxelsize = 1.000000000000000e+00 1.000000000000000e+00 1.000000000000000e+00
xras   = -1.000000000000000e+00 0.000000000000000e+00 0.000000000000000e+00
yras   = 0.000000000000000e+00 0.000000000000000e+00 -1.000000000000000e+00
zras   = 0.000000000000000e+00 1.000000000000000e+00 0.000000000000000e+00
cras   = 0.000000000000000e+00 0.000000000000000e+00 0.000000000000000e+00
