# transform file transforms/talairach_with_skull.lta
# created by root on Tue Jun  3 22:00:11 2025

type      = 0 # LINEAR_VOX_TO_VOX
nxforms   = 1
mean      = 133.0000 137.0000 112.0000
sigma     = 10000.0000
1 4 4
9.884987473487854e-01 6.359787285327911e-02 -7.976134121417999e-02 -6.473379135131836e+00 
-7.902130484580994e-02 1.292476654052734e+00 2.159269601106644e-01 -7.060393524169922e+01 
8.748890459537506e-02 -2.375155687332153e-01 1.010736703872681e+00 2.288003158569336e+01 
0.000000000000000e+00 0.000000000000000e+00 0.000000000000000e+00 1.000000000000000e+00 
src volume info
valid = 1  # volume info valid
filename = nu.mgz
volume = 256 256 256
voxelsize = 1.000000000000000e+00 1.000000000000000e+00 1.000000000000000e+00
xras   = -9.999998807907104e-01 -2.328306436538696e-09 3.725290298461914e-09
yras   = 0.000000000000000e+00 7.450580596923828e-09 -1.000000119209290e+00
zras   = -9.313225746154785e-10 1.000000000000000e+00 -7.450580596923828e-09
cras   = 2.800865173339844e+00 2.737377166748047e+01 1.463796234130859e+01
dst volume info
valid = 1  # volume info valid
filename = /usr/local/freesurfer/average/RB_all_withskull_2020_01_02.gca
volume = 256 256 256
voxelsize = 1.000000000000000e+00 1.000000000000000e+00 1.000000000000000e+00
xras   = -1.000000000000000e+00 0.000000000000000e+00 0.000000000000000e+00
yras   = 0.000000000000000e+00 0.000000000000000e+00 -1.000000000000000e+00
zras   = 0.000000000000000e+00 1.000000000000000e+00 0.000000000000000e+00
cras   = 0.000000000000000e+00 0.000000000000000e+00 0.000000000000000e+00
