# transform file /home/freesurfer/subjects/sub-037/mri/transforms/cc_up.lta
# created by root on Wed Jun  4 06:22:48 2025

type      = 0 # LINEAR_VOX_TO_VOX
nxforms   = 1
mean      = 132.0000 146.0000 112.0000
sigma     = 10000.0000
1 4 4
9.990008473396301e-01 3.530377149581909e-02 2.740437537431717e-02 -1.036813735961914e+01 
-3.529049456119537e-02 9.993766546249390e-01 -9.680812945589423e-04 -8.199991226196289e+00 
-2.742147073149681e-02 1.164153218269348e-10 9.996240139007568e-01 3.962680816650391e+01 
0.000000000000000e+00 0.000000000000000e+00 0.000000000000000e+00 1.000000000000000e+00 
src volume info
valid = 1  # volume info valid
filename = /home/freesurfer/subjects/sub-037/mri/norm.mgz
volume = 256 256 256
voxelsize = 1.000000000000000e+00 1.000000000000000e+00 1.000000000000000e+00
xras   = -1.000000119209290e+00 3.958120942115784e-09 1.862645149230957e-09
yras   = 3.725290298461914e-09 0.000000000000000e+00 -1.000000000000000e+00
zras   = -5.587935447692871e-09 1.000000000000000e+00 -1.490116119384766e-08
cras   = 6.227264404296875e+00 1.999856567382812e+01 -1.582701110839844e+01
dst volume info
valid = 1  # volume info valid
filename = /home/freesurfer/subjects/sub-037/mri/norm.mgz
volume = 256 256 256
voxelsize = 1.000000000000000e+00 1.000000000000000e+00 1.000000000000000e+00
xras   = -1.000000119209290e+00 3.958120942115784e-09 1.862645149230957e-09
yras   = 3.725290298461914e-09 0.000000000000000e+00 -1.000000000000000e+00
zras   = -5.587935447692871e-09 1.000000000000000e+00 -1.490116119384766e-08
cras   = 6.227264404296875e+00 1.999856567382812e+01 -1.582701110839844e+01
