# transform file transforms/talairach_with_skull.lta
# created by root on Wed Jun  4 03:14:34 2025

type      = 0 # LINEAR_VOX_TO_VOX
nxforms   = 1
mean      = 130.0000 129.0000 120.0000
sigma     = 10000.0000
1 4 4
1.004991412162781e+00 3.858263045549393e-02 2.988243475556374e-02 -1.472818470001221e+01 
-4.475949332118034e-02 1.079730510711670e+00 5.557436347007751e-01 -9.101110076904297e+01 
-9.619422256946564e-03 -4.776341021060944e-01 9.678012728691101e-01 6.811969757080078e+01 
0.000000000000000e+00 0.000000000000000e+00 0.000000000000000e+00 1.000000000000000e+00 
src volume info
valid = 1  # volume info valid
filename = nu.mgz
volume = 256 256 256
voxelsize = 1.000000000000000e+00 1.000000000000000e+00 1.000000000000000e+00
xras   = -1.000000119209290e+00 3.958120942115784e-09 1.862645149230957e-09
yras   = 3.725290298461914e-09 0.000000000000000e+00 -1.000000000000000e+00
zras   = -5.587935447692871e-09 1.000000000000000e+00 -1.490116119384766e-08
cras   = 6.227264404296875e+00 1.999856567382812e+01 -1.582701110839844e+01
dst volume info
valid = 1  # volume info valid
filename = /usr/local/freesurfer/average/RB_all_withskull_2020_01_02.gca
volume = 256 256 256
voxelsize = 1.000000000000000e+00 1.000000000000000e+00 1.000000000000000e+00
xras   = -1.000000000000000e+00 0.000000000000000e+00 0.000000000000000e+00
yras   = 0.000000000000000e+00 0.000000000000000e+00 -1.000000000000000e+00
zras   = 0.000000000000000e+00 1.000000000000000e+00 0.000000000000000e+00
cras   = 0.000000000000000e+00 0.000000000000000e+00 0.000000000000000e+00
