# transform file transforms/talairach.lta
# created by root on Wed Jun  4 03:31:05 2025

type      = 0 # LINEAR_VOX_TO_VOX
nxforms   = 1
mean      = 132.0000 146.0000 112.0000
sigma     = 10000.0000
1 4 4
1.040602803230286e+00 2.284146845340729e-02 2.139048837125301e-02 -1.520173549652100e+01 
-4.018335416913033e-02 1.000234007835388e+00 4.899080991744995e-01 -7.314826965332031e+01 
-1.019780337810516e-02 -4.854866564273834e-01 8.491933941841125e-01 8.658716583251953e+01 
0.000000000000000e+00 0.000000000000000e+00 0.000000000000000e+00 1.000000000000000e+00 
src volume info
valid = 1  # volume info valid
filename = nu.mgz
volume = 256 256 256
voxelsize = 1.000000000000000e+00 1.000000000000000e+00 1.000000000000000e+00
xras   = -1.000000119209290e+00 3.958120942115784e-09 1.862645149230957e-09
yras   = 3.725290298461914e-09 0.000000000000000e+00 -1.000000000000000e+00
zras   = -5.587935447692871e-09 1.000000000000000e+00 -1.490116119384766e-08
cras   = 6.227264404296875e+00 1.999856567382812e+01 -1.582701110839844e+01
dst volume info
valid = 1  # volume info valid
filename = /usr/local/freesurfer/average/RB_all_2020-01-02.gca
volume = 256 256 256
voxelsize = 1.000000000000000e+00 1.000000000000000e+00 1.000000000000000e+00
xras   = -1.000000000000000e+00 0.000000000000000e+00 0.000000000000000e+00
yras   = 0.000000000000000e+00 0.000000000000000e+00 -1.000000000000000e+00
zras   = 0.000000000000000e+00 1.000000000000000e+00 0.000000000000000e+00
cras   = 0.000000000000000e+00 0.000000000000000e+00 0.000000000000000e+00
