# transform file /home/freesurfer/subjects/sub-003/mri/transforms/cc_up.lta
# created by root on Thu May 29 10:53:02 2025

type      = 0 # LINEAR_VOX_TO_VOX
nxforms   = 1
mean      = 131.0000 138.0000 101.0000
sigma     = 10000.0000
1 4 4
9.988807439804077e-01 -4.182144626975060e-02 2.209818363189697e-02 3.397123575210571e+00 
4.181121289730072e-02 9.991251826286316e-01 9.249871945939958e-04 -3.651944100856781e-01 
-2.211753465235233e-02 -5.820766091346741e-11 9.997554421424866e-01 3.987277221679688e+01 
0.000000000000000e+00 0.000000000000000e+00 0.000000000000000e+00 1.000000000000000e+00 
src volume info
valid = 1  # volume info valid
filename = /home/freesurfer/subjects/sub-003/mri/norm.mgz
volume = 256 256 256
voxelsize = 1.000000000000000e+00 1.000000000000000e+00 1.000000000000000e+00
xras   = -9.999999403953552e-01 0.000000000000000e+00 -3.725290298461914e-09
yras   = 3.725290298461914e-09 0.000000000000000e+00 -9.999999403953552e-01
zras   = 0.000000000000000e+00 1.000000000000000e+00 1.490116119384766e-08
cras   = -4.846496582031250e-01 2.729180145263672e+01 2.531678771972656e+01
dst volume info
valid = 1  # volume info valid
filename = /home/freesurfer/subjects/sub-003/mri/norm.mgz
volume = 256 256 256
voxelsize = 1.000000000000000e+00 1.000000000000000e+00 1.000000000000000e+00
xras   = -9.999999403953552e-01 0.000000000000000e+00 -3.725290298461914e-09
yras   = 3.725290298461914e-09 0.000000000000000e+00 -9.999999403953552e-01
zras   = 0.000000000000000e+00 1.000000000000000e+00 1.490116119384766e-08
cras   = -4.846496582031250e-01 2.729180145263672e+01 2.531678771972656e+01
