# transform file transforms/talairach_with_skull.lta
# created by root on Thu May 29 07:37:45 2025

type      = 0 # LINEAR_VOX_TO_VOX
nxforms   = 1
mean      = 133.0000 136.0000 108.0000
sigma     = 10000.0000
1 4 4
1.063692688941956e+00 -2.671603485941887e-02 4.204909875988960e-02 -1.294558906555176e+01 
2.017749473452568e-02 1.098720192909241e+00 5.727248787879944e-01 -9.018083953857422e+01 
-4.905617982149124e-02 -4.821256995201111e-01 9.494736194610596e-01 8.489319610595703e+01 
0.000000000000000e+00 0.000000000000000e+00 0.000000000000000e+00 1.000000000000000e+00 
src volume info
valid = 1  # volume info valid
filename = nu.mgz
volume = 256 256 256
voxelsize = 1.000000000000000e+00 1.000000000000000e+00 1.000000000000000e+00
xras   = -9.999999403953552e-01 0.000000000000000e+00 -3.725290298461914e-09
yras   = 3.725290298461914e-09 0.000000000000000e+00 -9.999999403953552e-01
zras   = 0.000000000000000e+00 1.000000000000000e+00 1.490116119384766e-08
cras   = -4.846496582031250e-01 2.729180145263672e+01 2.531678771972656e+01
dst volume info
valid = 1  # volume info valid
filename = /usr/local/freesurfer/average/RB_all_withskull_2020_01_02.gca
volume = 256 256 256
voxelsize = 1.000000000000000e+00 1.000000000000000e+00 1.000000000000000e+00
xras   = -1.000000000000000e+00 0.000000000000000e+00 0.000000000000000e+00
yras   = 0.000000000000000e+00 0.000000000000000e+00 -1.000000000000000e+00
zras   = 0.000000000000000e+00 1.000000000000000e+00 0.000000000000000e+00
cras   = 0.000000000000000e+00 0.000000000000000e+00 0.000000000000000e+00
