# transform file transforms/talairach.lta
# created by root on Thu May 29 07:46:44 2025

type      = 0 # LINEAR_VOX_TO_VOX
nxforms   = 1
mean      = 131.0000 139.0000 101.0000
sigma     = 10000.0000
1 4 4
1.074604749679565e+00 -5.550629273056984e-02 4.447391629219055e-02 -1.040301799774170e+01 
3.598560392856598e-02 1.047776937484741e+00 4.726470410823822e-01 -7.372101593017578e+01 
-8.018296957015991e-02 -4.295537471771240e-01 9.382099509239197e-01 8.389936828613281e+01 
0.000000000000000e+00 0.000000000000000e+00 0.000000000000000e+00 1.000000000000000e+00 
src volume info
valid = 1  # volume info valid
filename = nu.mgz
volume = 256 256 256
voxelsize = 1.000000000000000e+00 1.000000000000000e+00 1.000000000000000e+00
xras   = -9.999999403953552e-01 0.000000000000000e+00 -3.725290298461914e-09
yras   = 3.725290298461914e-09 0.000000000000000e+00 -9.999999403953552e-01
zras   = 0.000000000000000e+00 1.000000000000000e+00 1.490116119384766e-08
cras   = -4.846496582031250e-01 2.729180145263672e+01 2.531678771972656e+01
dst volume info
valid = 1  # volume info valid
filename = /usr/local/freesurfer/average/RB_all_2020-01-02.gca
volume = 256 256 256
voxelsize = 1.000000000000000e+00 1.000000000000000e+00 1.000000000000000e+00
xras   = -1.000000000000000e+00 0.000000000000000e+00 0.000000000000000e+00
yras   = 0.000000000000000e+00 0.000000000000000e+00 -1.000000000000000e+00
zras   = 0.000000000000000e+00 1.000000000000000e+00 0.000000000000000e+00
cras   = 0.000000000000000e+00 0.000000000000000e+00 0.000000000000000e+00
