# transform file /home/freesurfer/subjects/sub-027/mri/transforms/cc_up.lta
# created by root on Fri May 30 09:46:17 2025

type      = 0 # LINEAR_VOX_TO_VOX
nxforms   = 1
mean      = 132.0000 138.0000 111.0000
sigma     = 10000.0000
1 4 4
9.983006715774536e-01 -8.381450548768044e-03 5.766714736819267e-02 -9.264064788818359e+00 
8.367502130568027e-03 9.999648332595825e-01 4.833513521589339e-04 1.853483915328979e+00 
-5.766917392611504e-02 0.000000000000000e+00 9.983357787132263e-01 3.977209854125977e+01 
0.000000000000000e+00 0.000000000000000e+00 0.000000000000000e+00 1.000000000000000e+00 
src volume info
valid = 1  # volume info valid
filename = /home/freesurfer/subjects/sub-027/mri/norm.mgz
volume = 256 256 256
voxelsize = 1.000000000000000e+00 1.000000000000000e+00 1.000000000000000e+00
xras   = -1.000000000000000e+00 8.381903171539307e-09 3.725290298461914e-09
yras   = -3.725290298461914e-09 0.000000000000000e+00 -9.999999403953552e-01
zras   = -8.381903171539307e-09 9.999999403953552e-01 0.000000000000000e+00
cras   = 3.561935424804688e+00 2.084073638916016e+01 -6.114196777343750e-01
dst volume info
valid = 1  # volume info valid
filename = /home/freesurfer/subjects/sub-027/mri/norm.mgz
volume = 256 256 256
voxelsize = 1.000000000000000e+00 1.000000000000000e+00 1.000000000000000e+00
xras   = -1.000000000000000e+00 8.381903171539307e-09 3.725290298461914e-09
yras   = -3.725290298461914e-09 0.000000000000000e+00 -9.999999403953552e-01
zras   = -8.381903171539307e-09 9.999999403953552e-01 0.000000000000000e+00
cras   = 3.561935424804688e+00 2.084073638916016e+01 -6.114196777343750e-01
