type      = 0 # LINEAR_VOX_TO_VOX
nxforms   = 1
mean      = 0.0000 0.0000 0.0000
sigma     = 1.0000
1 4 4
1.048136949539185e+00 -2.627199515700340e-02 6.304699927568436e-02 -1.370013427734375e+01 
-1.288700010627508e-02 1.022091865539551e+00 4.607659578323364e-01 -6.791078186035156e+01 
-8.669899404048920e-02 -5.257749557495117e-01 8.532029390335083e-01 9.640208435058594e+01 
0.000000000000000e+00 0.000000000000000e+00 0.000000000000000e+00 1.000000000000000e+00 
src volume info
valid = 1  # volume info valid
filename = /home/freesurfer/subjects/sub-027/mri/orig.mgz
volume = 256 256 256
voxelsize = 1.000000000000000e+00 1.000000000000000e+00 1.000000000000000e+00
xras   = -1.000000000000000e+00 8.381903171539307e-09 3.725290298461914e-09
yras   = -3.725290298461914e-09 0.000000000000000e+00 -9.999999403953552e-01
zras   = -8.381903171539307e-09 9.999999403953552e-01 0.000000000000000e+00
cras   = 3.561935424804688e+00 2.084073638916016e+01 -6.114196777343750e-01
dst volume info
valid = 1  # volume info valid
filename = /usr/local/freesurfer/average/mni305.cor.mgz
volume = 256 256 256
voxelsize = 1.000000000000000e+00 1.000000000000000e+00 1.000000000000000e+00
xras   = -1.000000000000000e+00 0.000000000000000e+00 0.000000000000000e+00
yras   = 0.000000000000000e+00 0.000000000000000e+00 -1.000000000000000e+00
zras   = 0.000000000000000e+00 1.000000000000000e+00 0.000000000000000e+00
cras   = 0.000000000000000e+00 0.000000000000000e+00 0.000000000000000e+00
subject fsaverage
fscale 0.100000
