# transform file transforms/talairach_with_skull.lta
# created by root on Fri May 30 06:23:29 2025

type      = 0 # LINEAR_VOX_TO_VOX
nxforms   = 1
mean      = 133.0000 136.0000 116.0000
sigma     = 10000.0000
1 4 4
9.911853671073914e-01 7.577569340355694e-04 7.142074406147003e-02 -1.356100368499756e+01 
-3.429242968559265e-02 1.178572416305542e+00 5.628681778907776e-01 -9.591590118408203e+01 
-7.698602974414825e-02 -4.603941738605499e-01 8.688049316406250e-01 8.552391815185547e+01 
0.000000000000000e+00 0.000000000000000e+00 0.000000000000000e+00 1.000000000000000e+00 
src volume info
valid = 1  # volume info valid
filename = nu.mgz
volume = 256 256 256
voxelsize = 1.000000000000000e+00 1.000000000000000e+00 1.000000000000000e+00
xras   = -1.000000000000000e+00 8.381903171539307e-09 3.725290298461914e-09
yras   = -3.725290298461914e-09 0.000000000000000e+00 -9.999999403953552e-01
zras   = -8.381903171539307e-09 9.999999403953552e-01 0.000000000000000e+00
cras   = 3.561935424804688e+00 2.084073638916016e+01 -6.114196777343750e-01
dst volume info
valid = 1  # volume info valid
filename = /usr/local/freesurfer/average/RB_all_withskull_2020_01_02.gca
volume = 256 256 256
voxelsize = 1.000000000000000e+00 1.000000000000000e+00 1.000000000000000e+00
xras   = -1.000000000000000e+00 0.000000000000000e+00 0.000000000000000e+00
yras   = 0.000000000000000e+00 0.000000000000000e+00 -1.000000000000000e+00
zras   = 0.000000000000000e+00 1.000000000000000e+00 0.000000000000000e+00
cras   = 0.000000000000000e+00 0.000000000000000e+00 0.000000000000000e+00
