# transform file transforms/talairach.lta
# created by root on Fri May 30 06:34:30 2025

type      = 0 # LINEAR_VOX_TO_VOX
nxforms   = 1
mean      = 133.0000 138.0000 111.0000
sigma     = 10000.0000
1 4 4
1.011477112770081e+00 -7.292117178440094e-02 4.877790063619614e-02 -2.994534969329834e+00 
4.156514629721642e-02 9.536219239234924e-01 4.688037037849426e-01 -6.769287109375000e+01 
-8.340395241975784e-02 -4.153216779232025e-01 8.668465018272400e-01 8.048550415039062e+01 
0.000000000000000e+00 0.000000000000000e+00 0.000000000000000e+00 1.000000000000000e+00 
src volume info
valid = 1  # volume info valid
filename = nu.mgz
volume = 256 256 256
voxelsize = 1.000000000000000e+00 1.000000000000000e+00 1.000000000000000e+00
xras   = -1.000000000000000e+00 8.381903171539307e-09 3.725290298461914e-09
yras   = -3.725290298461914e-09 0.000000000000000e+00 -9.999999403953552e-01
zras   = -8.381903171539307e-09 9.999999403953552e-01 0.000000000000000e+00
cras   = 3.561935424804688e+00 2.084073638916016e+01 -6.114196777343750e-01
dst volume info
valid = 1  # volume info valid
filename = /usr/local/freesurfer/average/RB_all_2020-01-02.gca
volume = 256 256 256
voxelsize = 1.000000000000000e+00 1.000000000000000e+00 1.000000000000000e+00
xras   = -1.000000000000000e+00 0.000000000000000e+00 0.000000000000000e+00
yras   = 0.000000000000000e+00 0.000000000000000e+00 -1.000000000000000e+00
zras   = 0.000000000000000e+00 1.000000000000000e+00 0.000000000000000e+00
cras   = 0.000000000000000e+00 0.000000000000000e+00 0.000000000000000e+00
