# transform file /home/freesurfer/subjects/sub-014/mri/transforms/cc_up.lta
# created by root on Thu May 29 16:52:02 2025

type      = 0 # LINEAR_VOX_TO_VOX
nxforms   = 1
mean      = 131.0000 128.0000 109.0000
sigma     = 10000.0000
1 4 4
9.884555935859680e-01 -5.203564837574959e-02 1.422952115535736e-01 -1.131692695617676e+01 
5.150470137596130e-02 9.986453056335449e-01 7.414467632770538e-03 -2.426139593124390e+00 
-1.424882560968399e-01 4.656612873077393e-10 9.897965192794800e-01 6.514988708496094e+01 
0.000000000000000e+00 0.000000000000000e+00 0.000000000000000e+00 1.000000000000000e+00 
src volume info
valid = 1  # volume info valid
filename = /home/freesurfer/subjects/sub-014/mri/norm.mgz
volume = 256 256 256
voxelsize = 1.000000000000000e+00 1.000000000000000e+00 1.000000000000000e+00
xras   = -1.000000000000000e+00 -7.916241884231567e-09 -7.450580596923828e-09
yras   = 0.000000000000000e+00 0.000000000000000e+00 -9.999999403953552e-01
zras   = 6.984919309616089e-09 1.000000000000000e+00 -3.725290298461914e-09
cras   = 4.570495605468750e+00 2.507056427001953e+01 2.095492553710938e+01
dst volume info
valid = 1  # volume info valid
filename = /home/freesurfer/subjects/sub-014/mri/norm.mgz
volume = 256 256 256
voxelsize = 1.000000000000000e+00 1.000000000000000e+00 1.000000000000000e+00
xras   = -1.000000000000000e+00 -7.916241884231567e-09 -7.450580596923828e-09
yras   = 0.000000000000000e+00 0.000000000000000e+00 -9.999999403953552e-01
zras   = 6.984919309616089e-09 1.000000000000000e+00 -3.725290298461914e-09
cras   = 4.570495605468750e+00 2.507056427001953e+01 2.095492553710938e+01
