# transform file transforms/talairach.lta
# created by root on Thu May 29 13:34:00 2025

type      = 0 # LINEAR_VOX_TO_VOX
nxforms   = 1
mean      = 130.0000 127.0000 109.0000
sigma     = 10000.0000
1 4 4
1.033188819885254e+00 -6.724663078784943e-02 1.757275611162186e-01 -2.104485702514648e+01 
-5.216015130281448e-02 9.120775461196899e-01 5.408058762550354e-01 -4.268954467773438e+01 
-2.287375032901764e-01 -5.759568810462952e-01 7.680998444557190e-01 1.263393783569336e+02 
0.000000000000000e+00 0.000000000000000e+00 0.000000000000000e+00 1.000000000000000e+00 
src volume info
valid = 1  # volume info valid
filename = nu.mgz
volume = 256 256 256
voxelsize = 1.000000000000000e+00 1.000000000000000e+00 1.000000000000000e+00
xras   = -1.000000000000000e+00 -7.916241884231567e-09 -7.450580596923828e-09
yras   = 0.000000000000000e+00 0.000000000000000e+00 -9.999999403953552e-01
zras   = 6.984919309616089e-09 1.000000000000000e+00 -3.725290298461914e-09
cras   = 4.570495605468750e+00 2.507056427001953e+01 2.095492553710938e+01
dst volume info
valid = 1  # volume info valid
filename = /usr/local/freesurfer/average/RB_all_2020-01-02.gca
volume = 256 256 256
voxelsize = 1.000000000000000e+00 1.000000000000000e+00 1.000000000000000e+00
xras   = -1.000000000000000e+00 0.000000000000000e+00 0.000000000000000e+00
yras   = 0.000000000000000e+00 0.000000000000000e+00 -1.000000000000000e+00
zras   = 0.000000000000000e+00 1.000000000000000e+00 0.000000000000000e+00
cras   = 0.000000000000000e+00 0.000000000000000e+00 0.000000000000000e+00
