# transform file transforms/talairach_with_skull.lta
# created by root on Thu May 29 13:22:52 2025

type      = 0 # LINEAR_VOX_TO_VOX
nxforms   = 1
mean      = 128.0000 131.0000 114.0000
sigma     = 10000.0000
1 4 4
1.074909329414368e+00 -5.266033113002777e-02 1.288329362869263e-01 -2.378768920898438e+01 
-5.641737952828407e-02 1.103082418441772e+00 4.476913809776306e-01 -5.004546356201172e+01 
-8.780254423618317e-02 -3.759308457374573e-01 9.083988070487976e-01 6.482856750488281e+01 
0.000000000000000e+00 0.000000000000000e+00 0.000000000000000e+00 1.000000000000000e+00 
src volume info
valid = 1  # volume info valid
filename = nu.mgz
volume = 256 256 256
voxelsize = 1.000000000000000e+00 1.000000000000000e+00 1.000000000000000e+00
xras   = -1.000000000000000e+00 -7.916241884231567e-09 -7.450580596923828e-09
yras   = 0.000000000000000e+00 0.000000000000000e+00 -9.999999403953552e-01
zras   = 6.984919309616089e-09 1.000000000000000e+00 -3.725290298461914e-09
cras   = 4.570495605468750e+00 2.507056427001953e+01 2.095492553710938e+01
dst volume info
valid = 1  # volume info valid
filename = /usr/local/freesurfer/average/RB_all_withskull_2020_01_02.gca
volume = 256 256 256
voxelsize = 1.000000000000000e+00 1.000000000000000e+00 1.000000000000000e+00
xras   = -1.000000000000000e+00 0.000000000000000e+00 0.000000000000000e+00
yras   = 0.000000000000000e+00 0.000000000000000e+00 -1.000000000000000e+00
zras   = 0.000000000000000e+00 1.000000000000000e+00 0.000000000000000e+00
cras   = 0.000000000000000e+00 0.000000000000000e+00 0.000000000000000e+00
