# transform file /home/freesurfer/subjects/sub-002/mri/transforms/cc_up.lta
# created by root on Thu May 29 05:03:44 2025

type      = 0 # LINEAR_VOX_TO_VOX
nxforms   = 1
mean      = 133.0000 131.0000 119.0000
sigma     = 10000.0000
1 4 4
9.830223917961121e-01 -1.165437176823616e-01 1.417192518711090e-01 -1.588562369346619e+00 
1.153511479496956e-01 9.931854605674744e-01 1.662981323897839e-02 5.176843166351318e+00 
-1.426916271448135e-01 0.000000000000000e+00 9.897671341896057e-01 3.632793045043945e+01 
0.000000000000000e+00 0.000000000000000e+00 0.000000000000000e+00 1.000000000000000e+00 
src volume info
valid = 1  # volume info valid
filename = /home/freesurfer/subjects/sub-002/mri/norm.mgz
volume = 256 256 256
voxelsize = 1.000000000000000e+00 1.000000000000000e+00 1.000000000000000e+00
xras   = -1.000000000000000e+00 9.313225746154785e-10 0.000000000000000e+00
yras   = 1.490116119384766e-08 7.450580596923828e-09 -1.000000000000000e+00
zras   = -1.769512891769409e-08 9.999999403953552e-01 -7.450580596923828e-09
cras   = 5.319244384765625e+00 1.876091766357422e+01 8.777451324462891e+01
dst volume info
valid = 1  # volume info valid
filename = /home/freesurfer/subjects/sub-002/mri/norm.mgz
volume = 256 256 256
voxelsize = 1.000000000000000e+00 1.000000000000000e+00 1.000000000000000e+00
xras   = -1.000000000000000e+00 9.313225746154785e-10 0.000000000000000e+00
yras   = 1.490116119384766e-08 7.450580596923828e-09 -1.000000000000000e+00
zras   = -1.769512891769409e-08 9.999999403953552e-01 -7.450580596923828e-09
cras   = 5.319244384765625e+00 1.876091766357422e+01 8.777451324462891e+01
