# transform file transforms/talairach_with_skull.lta
# created by root on Thu May 29 01:38:58 2025

type      = 0 # LINEAR_VOX_TO_VOX
nxforms   = 1
mean      = 134.0000 132.0000 121.0000
sigma     = 10000.0000
1 4 4
1.121890544891357e+00 -9.471803158521652e-02 1.782842278480530e-01 -2.746155548095703e+01 
5.950448289513588e-02 1.236276030540466e+00 2.708438336849213e-01 -6.956205749511719e+01 
-1.370189040899277e-01 -2.293413281440735e-01 9.475013613700867e-01 4.189416503906250e+01 
0.000000000000000e+00 0.000000000000000e+00 0.000000000000000e+00 1.000000000000000e+00 
src volume info
valid = 1  # volume info valid
filename = nu.mgz
volume = 256 256 256
voxelsize = 1.000000000000000e+00 1.000000000000000e+00 1.000000000000000e+00
xras   = -1.000000000000000e+00 9.313225746154785e-10 0.000000000000000e+00
yras   = 1.490116119384766e-08 7.450580596923828e-09 -1.000000000000000e+00
zras   = -1.769512891769409e-08 9.999999403953552e-01 -7.450580596923828e-09
cras   = 5.319244384765625e+00 1.876091766357422e+01 8.777451324462891e+01
dst volume info
valid = 1  # volume info valid
filename = /usr/local/freesurfer/average/RB_all_withskull_2020_01_02.gca
volume = 256 256 256
voxelsize = 1.000000000000000e+00 1.000000000000000e+00 1.000000000000000e+00
xras   = -1.000000000000000e+00 0.000000000000000e+00 0.000000000000000e+00
yras   = 0.000000000000000e+00 0.000000000000000e+00 -1.000000000000000e+00
zras   = 0.000000000000000e+00 1.000000000000000e+00 0.000000000000000e+00
cras   = 0.000000000000000e+00 0.000000000000000e+00 0.000000000000000e+00
