# transform file transforms/talairach.lta
# created by root on Thu May 29 01:50:07 2025

type      = 0 # LINEAR_VOX_TO_VOX
nxforms   = 1
mean      = 133.0000 133.0000 119.0000
sigma     = 10000.0000
1 4 4
1.083866357803345e+00 -1.477249562740326e-01 1.619954556226730e-01 -1.409799480438232e+01 
1.306562721729279e-01 1.027126312255859e+00 3.025886714458466e-01 -5.721028900146484e+01 
-1.432694792747498e-01 -2.527051568031311e-01 9.254696369171143e-01 5.128523254394531e+01 
0.000000000000000e+00 0.000000000000000e+00 0.000000000000000e+00 1.000000000000000e+00 
src volume info
valid = 1  # volume info valid
filename = nu.mgz
volume = 256 256 256
voxelsize = 1.000000000000000e+00 1.000000000000000e+00 1.000000000000000e+00
xras   = -1.000000000000000e+00 9.313225746154785e-10 0.000000000000000e+00
yras   = 1.490116119384766e-08 7.450580596923828e-09 -1.000000000000000e+00
zras   = -1.769512891769409e-08 9.999999403953552e-01 -7.450580596923828e-09
cras   = 5.319244384765625e+00 1.876091766357422e+01 8.777451324462891e+01
dst volume info
valid = 1  # volume info valid
filename = /usr/local/freesurfer/average/RB_all_2020-01-02.gca
volume = 256 256 256
voxelsize = 1.000000000000000e+00 1.000000000000000e+00 1.000000000000000e+00
xras   = -1.000000000000000e+00 0.000000000000000e+00 0.000000000000000e+00
yras   = 0.000000000000000e+00 0.000000000000000e+00 -1.000000000000000e+00
zras   = 0.000000000000000e+00 1.000000000000000e+00 0.000000000000000e+00
cras   = 0.000000000000000e+00 0.000000000000000e+00 0.000000000000000e+00
