type      = 0 # LINEAR_VOX_TO_VOX
nxforms   = 1
mean      = 0.0000 0.0000 0.0000
sigma     = 1.0000
1 4 4
1.120473027229309e+00 -1.457920223474503e-01 1.742680072784424e-01 -1.945143127441406e+01 
7.525999844074249e-02 1.099012970924377e+00 3.455579578876495e-01 -6.613058471679688e+01 
-1.747709959745407e-01 -2.274629920721054e-01 9.487499594688416e-01 4.867462921142578e+01 
0.000000000000000e+00 0.000000000000000e+00 0.000000000000000e+00 1.000000000000000e+00 
src volume info
valid = 1  # volume info valid
filename = /home/freesurfer/subjects/sub-002/mri/orig.mgz
volume = 256 256 256
voxelsize = 1.000000000000000e+00 1.000000000000000e+00 1.000000000000000e+00
xras   = -1.000000000000000e+00 9.313225746154785e-10 0.000000000000000e+00
yras   = 1.490116119384766e-08 7.450580596923828e-09 -1.000000000000000e+00
zras   = -1.769512891769409e-08 9.999999403953552e-01 -7.450580596923828e-09
cras   = 5.319244384765625e+00 1.876091766357422e+01 8.777451324462891e+01
dst volume info
valid = 1  # volume info valid
filename = /usr/local/freesurfer/average/mni305.cor.mgz
volume = 256 256 256
voxelsize = 1.000000000000000e+00 1.000000000000000e+00 1.000000000000000e+00
xras   = -1.000000000000000e+00 0.000000000000000e+00 0.000000000000000e+00
yras   = 0.000000000000000e+00 0.000000000000000e+00 -1.000000000000000e+00
zras   = 0.000000000000000e+00 1.000000000000000e+00 0.000000000000000e+00
cras   = 0.000000000000000e+00 0.000000000000000e+00 0.000000000000000e+00
subject fsaverage
fscale 0.100000
