# transform file /home/freesurfer/subjects/sub-031/mri/transforms/cc_up.lta
# created by root on Mon Jun  2 22:31:04 2025

type      = 0 # LINEAR_VOX_TO_VOX
nxforms   = 1
mean      = 130.0000 138.0000 113.0000
sigma     = 10000.0000
1 4 4
9.998487830162048e-01 1.085757650434971e-02 1.359201688319445e-02 -4.650796890258789e+00 
-1.085657346993685e-02 9.999411702156067e-01 -1.475850440328941e-04 1.242259120941162e+01 
-1.359281875193119e-02 0.000000000000000e+00 9.999077320098877e-01 2.676299095153809e+01 
0.000000000000000e+00 0.000000000000000e+00 0.000000000000000e+00 1.000000000000000e+00 
src volume info
valid = 1  # volume info valid
filename = /home/freesurfer/subjects/sub-031/mri/norm.mgz
volume = 256 256 256
voxelsize = 1.000000000000000e+00 1.000000000000000e+00 1.000000000000000e+00
xras   = -9.999999403953552e-01 4.656612873077393e-10 -1.862645149230957e-09
yras   = 1.862645149230957e-09 0.000000000000000e+00 -1.000000000000000e+00
zras   = 0.000000000000000e+00 9.999998807907104e-01 -2.980232238769531e-08
cras   = -6.228179931640625e-01 1.680149841308594e+01 2.870193481445312e+01
dst volume info
valid = 1  # volume info valid
filename = /home/freesurfer/subjects/sub-031/mri/norm.mgz
volume = 256 256 256
voxelsize = 1.000000000000000e+00 1.000000000000000e+00 1.000000000000000e+00
xras   = -9.999999403953552e-01 4.656612873077393e-10 -1.862645149230957e-09
yras   = 1.862645149230957e-09 0.000000000000000e+00 -1.000000000000000e+00
zras   = 0.000000000000000e+00 9.999998807907104e-01 -2.980232238769531e-08
cras   = -6.228179931640625e-01 1.680149841308594e+01 2.870193481445312e+01
