# transform file transforms/talairach_with_skull.lta
# created by root on Mon Jun  2 19:26:37 2025

type      = 0 # LINEAR_VOX_TO_VOX
nxforms   = 1
mean      = 130.0000 127.0000 115.0000
sigma     = 10000.0000
1 4 4
1.051331281661987e+00 -2.934222575277090e-03 -5.687330849468708e-04 -9.882007598876953e+00 
-2.642792882397771e-03 1.275870442390442e+00 2.563120126724243e-01 -7.725604248046875e+01 
2.162178134312853e-05 -2.270767390727997e-01 1.057688117027283e+00 2.251238250732422e+01 
0.000000000000000e+00 0.000000000000000e+00 0.000000000000000e+00 1.000000000000000e+00 
src volume info
valid = 1  # volume info valid
filename = nu.mgz
volume = 256 256 256
voxelsize = 1.000000000000000e+00 1.000000000000000e+00 1.000000000000000e+00
xras   = -9.999999403953552e-01 4.656612873077393e-10 -1.862645149230957e-09
yras   = 1.862645149230957e-09 0.000000000000000e+00 -1.000000000000000e+00
zras   = 0.000000000000000e+00 9.999998807907104e-01 -2.980232238769531e-08
cras   = -6.228179931640625e-01 1.680149841308594e+01 2.870193481445312e+01
dst volume info
valid = 1  # volume info valid
filename = /usr/local/freesurfer/average/RB_all_withskull_2020_01_02.gca
volume = 256 256 256
voxelsize = 1.000000000000000e+00 1.000000000000000e+00 1.000000000000000e+00
xras   = -1.000000000000000e+00 0.000000000000000e+00 0.000000000000000e+00
yras   = 0.000000000000000e+00 0.000000000000000e+00 -1.000000000000000e+00
zras   = 0.000000000000000e+00 1.000000000000000e+00 0.000000000000000e+00
cras   = 0.000000000000000e+00 0.000000000000000e+00 0.000000000000000e+00
