type      = 0 # LINEAR_VOX_TO_VOX
nxforms   = 1
mean      = 0.0000 0.0000 0.0000
sigma     = 1.0000
1 4 4
1.104291915893555e+00 -1.937002060003579e-03 6.098999176174402e-03 -1.495640563964844e+01 
-1.696199551224709e-02 1.089316010475159e+00 2.674280107021332e-01 -5.149452209472656e+01 
-2.528799884021282e-02 -2.540880143642426e-01 1.037600874900818e+00 3.215353393554688e+01 
0.000000000000000e+00 0.000000000000000e+00 0.000000000000000e+00 1.000000000000000e+00 
src volume info
valid = 1  # volume info valid
filename = /home/freesurfer/subjects/sub-031/mri/orig.mgz
volume = 256 256 256
voxelsize = 1.000000000000000e+00 1.000000000000000e+00 1.000000000000000e+00
xras   = -9.999999403953552e-01 4.656612873077393e-10 -1.862645149230957e-09
yras   = 1.862645149230957e-09 0.000000000000000e+00 -1.000000000000000e+00
zras   = 0.000000000000000e+00 9.999998807907104e-01 -2.980232238769531e-08
cras   = -6.228179931640625e-01 1.680149841308594e+01 2.870193481445312e+01
dst volume info
valid = 1  # volume info valid
filename = /usr/local/freesurfer/average/mni305.cor.mgz
volume = 256 256 256
voxelsize = 1.000000000000000e+00 1.000000000000000e+00 1.000000000000000e+00
xras   = -1.000000000000000e+00 0.000000000000000e+00 0.000000000000000e+00
yras   = 0.000000000000000e+00 0.000000000000000e+00 -1.000000000000000e+00
zras   = 0.000000000000000e+00 1.000000000000000e+00 0.000000000000000e+00
cras   = 0.000000000000000e+00 0.000000000000000e+00 0.000000000000000e+00
subject fsaverage
fscale 0.100000
