# transform file transforms/talairach.lta
# created by root on Mon Jun  2 19:38:32 2025

type      = 0 # LINEAR_VOX_TO_VOX
nxforms   = 1
mean      = 130.0000 139.0000 112.0000
sigma     = 10000.0000
1 4 4
1.084087848663330e+00 5.447776056826115e-03 3.016834333539009e-02 -1.806967353820801e+01 
-1.975953020155430e-02 1.079497456550598e+00 2.614966928958893e-01 -4.808603286743164e+01 
-2.561495453119278e-02 -2.287320196628571e-01 9.927778840065002e-01 3.550594711303711e+01 
0.000000000000000e+00 0.000000000000000e+00 0.000000000000000e+00 1.000000000000000e+00 
src volume info
valid = 1  # volume info valid
filename = nu.mgz
volume = 256 256 256
voxelsize = 1.000000000000000e+00 1.000000000000000e+00 1.000000000000000e+00
xras   = -9.999999403953552e-01 4.656612873077393e-10 -1.862645149230957e-09
yras   = 1.862645149230957e-09 0.000000000000000e+00 -1.000000000000000e+00
zras   = 0.000000000000000e+00 9.999998807907104e-01 -2.980232238769531e-08
cras   = -6.228179931640625e-01 1.680149841308594e+01 2.870193481445312e+01
dst volume info
valid = 1  # volume info valid
filename = /usr/local/freesurfer/average/RB_all_2020-01-02.gca
volume = 256 256 256
voxelsize = 1.000000000000000e+00 1.000000000000000e+00 1.000000000000000e+00
xras   = -1.000000000000000e+00 0.000000000000000e+00 0.000000000000000e+00
yras   = 0.000000000000000e+00 0.000000000000000e+00 -1.000000000000000e+00
zras   = 0.000000000000000e+00 1.000000000000000e+00 0.000000000000000e+00
cras   = 0.000000000000000e+00 0.000000000000000e+00 0.000000000000000e+00
