# transform file /home/freesurfer/subjects/sub-047/mri/transforms/cc_up.lta
# created by root on Wed Jun  4 06:36:13 2025

type      = 0 # LINEAR_VOX_TO_VOX
nxforms   = 1
mean      = 129.0000 132.0000 114.0000
sigma     = 10000.0000
1 4 4
9.973306059837341e-01 6.615174561738968e-02 -3.091309033334255e-02 -5.044466495513916e+00 
-6.611999124288559e-02 9.978095293045044e-01 2.049444010481238e-03 2.758117103576660e+01 
3.098095208406448e-02 0.000000000000000e+00 9.995200037956238e-01 2.604403877258301e+01 
0.000000000000000e+00 0.000000000000000e+00 0.000000000000000e+00 1.000000000000000e+00 
src volume info
valid = 1  # volume info valid
filename = /home/freesurfer/subjects/sub-047/mri/norm.mgz
volume = 256 256 256
voxelsize = 1.000000000000000e+00 1.000000000000000e+00 1.000000000000000e+00
xras   = -1.000000000000000e+00 -4.656612873077393e-10 3.725290298461914e-09
yras   = 0.000000000000000e+00 3.725290298461914e-09 -1.000000000000000e+00
zras   = -3.143213689327240e-09 9.999999403953552e-01 -1.862645149230957e-09
cras   = 1.624740600585938e+00 2.975101470947266e+01 2.632402038574219e+01
dst volume info
valid = 1  # volume info valid
filename = /home/freesurfer/subjects/sub-047/mri/norm.mgz
volume = 256 256 256
voxelsize = 1.000000000000000e+00 1.000000000000000e+00 1.000000000000000e+00
xras   = -1.000000000000000e+00 -4.656612873077393e-10 3.725290298461914e-09
yras   = 0.000000000000000e+00 3.725290298461914e-09 -1.000000000000000e+00
zras   = -3.143213689327240e-09 9.999999403953552e-01 -1.862645149230957e-09
cras   = 1.624740600585938e+00 2.975101470947266e+01 2.632402038574219e+01
