# transform file transforms/talairach_with_skull.lta
# created by root on Wed Jun  4 03:26:15 2025

type      = 0 # LINEAR_VOX_TO_VOX
nxforms   = 1
mean      = 126.0000 131.0000 117.0000
sigma     = 10000.0000
1 4 4
1.085629224777222e+00 2.651730924844742e-02 -1.255093608051538e-02 -1.762309265136719e+01 
-4.692958295345306e-02 1.164771199226379e+00 2.688208818435669e-01 -5.012722015380859e+01 
2.001413702964783e-02 -2.373476177453995e-01 1.059085249900818e+00 1.707797813415527e+01 
0.000000000000000e+00 0.000000000000000e+00 0.000000000000000e+00 1.000000000000000e+00 
src volume info
valid = 1  # volume info valid
filename = nu.mgz
volume = 256 256 256
voxelsize = 1.000000000000000e+00 1.000000000000000e+00 1.000000000000000e+00
xras   = -1.000000000000000e+00 -4.656612873077393e-10 3.725290298461914e-09
yras   = 0.000000000000000e+00 3.725290298461914e-09 -1.000000000000000e+00
zras   = -3.143213689327240e-09 9.999999403953552e-01 -1.862645149230957e-09
cras   = 1.624740600585938e+00 2.975101470947266e+01 2.632402038574219e+01
dst volume info
valid = 1  # volume info valid
filename = /usr/local/freesurfer/average/RB_all_withskull_2020_01_02.gca
volume = 256 256 256
voxelsize = 1.000000000000000e+00 1.000000000000000e+00 1.000000000000000e+00
xras   = -1.000000000000000e+00 0.000000000000000e+00 0.000000000000000e+00
yras   = 0.000000000000000e+00 0.000000000000000e+00 -1.000000000000000e+00
zras   = 0.000000000000000e+00 1.000000000000000e+00 0.000000000000000e+00
cras   = 0.000000000000000e+00 0.000000000000000e+00 0.000000000000000e+00
