type      = 0 # LINEAR_VOX_TO_VOX
nxforms   = 1
mean      = 0.0000 0.0000 0.0000
sigma     = 1.0000
1 4 4
1.120350956916809e+00 2.859699912369251e-02 -1.421996392309666e-03 -2.087400817871094e+01 
-4.045800492167473e-02 1.102592945098877e+00 2.333159893751144e-01 -3.698004150390625e+01 
2.265900187194347e-02 -3.127340078353882e-01 1.058853864669800e+00 2.707516479492188e+01 
0.000000000000000e+00 0.000000000000000e+00 0.000000000000000e+00 1.000000000000000e+00 
src volume info
valid = 1  # volume info valid
filename = /home/freesurfer/subjects/sub-047/mri/orig.mgz
volume = 256 256 256
voxelsize = 1.000000000000000e+00 1.000000000000000e+00 1.000000000000000e+00
xras   = -1.000000000000000e+00 -4.656612873077393e-10 3.725290298461914e-09
yras   = 0.000000000000000e+00 3.725290298461914e-09 -1.000000000000000e+00
zras   = -3.143213689327240e-09 9.999999403953552e-01 -1.862645149230957e-09
cras   = 1.624740600585938e+00 2.975101470947266e+01 2.632402038574219e+01
dst volume info
valid = 1  # volume info valid
filename = /usr/local/freesurfer/average/mni305.cor.mgz
volume = 256 256 256
voxelsize = 1.000000000000000e+00 1.000000000000000e+00 1.000000000000000e+00
xras   = -1.000000000000000e+00 0.000000000000000e+00 0.000000000000000e+00
yras   = 0.000000000000000e+00 0.000000000000000e+00 -1.000000000000000e+00
zras   = 0.000000000000000e+00 1.000000000000000e+00 0.000000000000000e+00
cras   = 0.000000000000000e+00 0.000000000000000e+00 0.000000000000000e+00
subject fsaverage
fscale 0.100000
