type      = 1 # LINEAR_RAS_TO_RAS
nxforms   = 1
mean      = 0.0000 0.0000 0.0000
sigma     = 1.0000
1 4 4
1.120350956916809e+00 1.422000001184642e-03 2.859699912369251e-02 -6.246950030326843e-01 
-2.265900000929832e-02 1.058853983879089e+00 3.127340078353882e-01 -4.221872329711914e+01 
-4.045800119638443e-02 -2.333160042762756e-01 1.102592945098877e+00 -2.285522460937500e+01 
0.000000000000000e+00 0.000000000000000e+00 0.000000000000000e+00 1.000000000000000e+00 
src volume info
valid = 1  # volume info valid
filename = /home/freesurfer/subjects/sub-047/mri/orig_nu.mgz
volume = 256 256 256
voxelsize = 1.000000000000000e+00 1.000000000000000e+00 1.000000000000000e+00
xras   = -1.000000000000000e+00 -4.656612873077393e-10 3.725290298461914e-09
yras   = 0.000000000000000e+00 3.725290298461914e-09 -1.000000000000000e+00
zras   = -3.143213689327240e-09 9.999999403953552e-01 -1.862645149230957e-09
cras   = 1.624740600585938e+00 2.975101470947266e+01 2.632402038574219e+01
dst volume info
valid = 1  # volume info valid
filename = /usr/local/freesurfer/average/mni305.cor.mgz
volume = 256 256 256
voxelsize = 1.000000000000000e+00 1.000000000000000e+00 1.000000000000000e+00
xras   = -1.000000000000000e+00 0.000000000000000e+00 0.000000000000000e+00
yras   = 0.000000000000000e+00 0.000000000000000e+00 -1.000000000000000e+00
zras   = 0.000000000000000e+00 1.000000000000000e+00 0.000000000000000e+00
cras   = 0.000000000000000e+00 0.000000000000000e+00 0.000000000000000e+00
subject fsaverage
fscale 0.100000
