# transform file transforms/talairach.lta
# created by root on Wed Jun  4 03:36:00 2025

type      = 0 # LINEAR_VOX_TO_VOX
nxforms   = 1
mean      = 129.0000 133.0000 112.0000
sigma     = 10000.0000
1 4 4
1.107267737388611e+00 4.448624327778816e-02 -1.014853361994028e-02 -2.206675338745117e+01 
-4.203884676098824e-02 1.032181143760681e+00 2.541520893573761e-01 -3.210295104980469e+01 
3.373359888792038e-02 -2.453212440013885e-01 1.027525901794434e+00 2.190970802307129e+01 
0.000000000000000e+00 0.000000000000000e+00 0.000000000000000e+00 1.000000000000000e+00 
src volume info
valid = 1  # volume info valid
filename = nu.mgz
volume = 256 256 256
voxelsize = 1.000000000000000e+00 1.000000000000000e+00 1.000000000000000e+00
xras   = -1.000000000000000e+00 -4.656612873077393e-10 3.725290298461914e-09
yras   = 0.000000000000000e+00 3.725290298461914e-09 -1.000000000000000e+00
zras   = -3.143213689327240e-09 9.999999403953552e-01 -1.862645149230957e-09
cras   = 1.624740600585938e+00 2.975101470947266e+01 2.632402038574219e+01
dst volume info
valid = 1  # volume info valid
filename = /usr/local/freesurfer/average/RB_all_2020-01-02.gca
volume = 256 256 256
voxelsize = 1.000000000000000e+00 1.000000000000000e+00 1.000000000000000e+00
xras   = -1.000000000000000e+00 0.000000000000000e+00 0.000000000000000e+00
yras   = 0.000000000000000e+00 0.000000000000000e+00 -1.000000000000000e+00
zras   = 0.000000000000000e+00 1.000000000000000e+00 0.000000000000000e+00
cras   = 0.000000000000000e+00 0.000000000000000e+00 0.000000000000000e+00
